# Forces      
# CofR        : (0.0000000e+00 0.0000000e+00 0.0000000e+00)
# Time        forces(pressure viscous porous) moment(pressure viscous porous)
2252          	((9.4809260e+00 -3.0393248e+01 -8.0893336e+00) (1.0945565e-03 -3.5660007e-04 -3.5673422e-04) (0.0000000e+00 0.0000000e+00 0.0000000e+00)) ((1.9037908e+00 5.5028159e-01 4.4606372e-01) (3.2024016e-05 7.8658700e-05 -1.4674197e-04) (0.0000000e+00 0.0000000e+00 0.0000000e+00))
2253          	((9.4726611e+00 -3.0395680e+01 -8.0366237e+00) (1.0944692e-03 -3.5165698e-04 -3.5810074e-04) (0.0000000e+00 0.0000000e+00 0.0000000e+00)) ((1.9054668e+00 5.5061049e-01 4.4591269e-01) (3.1585315e-05 7.7298104e-05 -1.4671532e-04) (0.0000000e+00 0.0000000e+00 0.0000000e+00))
2254          	((9.4892849e+00 -3.0390360e+01 -8.1049456e+00) (1.0946071e-03 -3.4872267e-04 -3.6476872e-04) (0.0000000e+00 0.0000000e+00 0.0000000e+00)) ((1.9029778e+00 5.6237553e-01 4.4676552e-01) (3.1136181e-05 7.7493089e-05 -1.4652501e-04) (0.0000000e+00 0.0000000e+00 0.0000000e+00))
2255          	((9.4761487e+00 -3.0391189e+01 -8.0981107e+00) (1.0949532e-03 -3.4562422e-04 -3.6934290e-04) (0.0000000e+00 0.0000000e+00 0.0000000e+00)) ((1.9032700e+00 5.6030966e-01 4.4634303e-01) (3.0738358e-05 7.8202823e-05 -1.4637206e-04) (0.0000000e+00 0.0000000e+00 0.0000000e+00))
2256          	((9.4977798e+00 -3.0394287e+01 -7.9904221e+00) (1.0960307e-03 -3.3402812e-04 -3.6320487e-04) (0.0000000e+00 0.0000000e+00 0.0000000e+00)) ((1.9068588e+00 5.7326848e-01 4.4672173e-01) (3.0140092e-05 7.9557915e-05 -1.4692543e-04) (0.0000000e+00 0.0000000e+00 0.0000000e+00))
2257          	((9.4771705e+00 -3.0392284e+01 -8.0149526e+00) (1.0982682e-03 -3.2229168e-04 -3.5541572e-04) (0.0000000e+00 0.0000000e+00 0.0000000e+00)) ((1.9059835e+00 5.6074234e-01 4.4609055e-01) (2.9596834e-05 8.0218233e-05 -1.4656059e-04) (0.0000000e+00 0.0000000e+00 0.0000000e+00))
2258          	((9.4919968e+00 -3.0391323e+01 -8.0394868e+00) (1.1055951e-03 -3.1383288e-04 -3.4917388e-04) (0.0000000e+00 0.0000000e+00 0.0000000e+00)) ((1.9051151e+00 5.5891240e-01 4.4639804e-01) (2.9185516e-05 8.0326491e-05 -1.4607158e-04) (0.0000000e+00 0.0000000e+00 0.0000000e+00))
2259          	((9.4827869e+00 -3.0383715e+01 -8.1191158e+00) (1.1087321e-03 -3.1084831e-04 -3.5096396e-04) (0.0000000e+00 0.0000000e+00 0.0000000e+00)) ((1.9022026e+00 5.6537061e-01 4.4653309e-01) (2.8879213e-05 8.1508283e-05 -1.4504000e-04) (0.0000000e+00 0.0000000e+00 0.0000000e+00))
2260          	((9.6591781e+00 -3.0436900e+01 -7.7704745e+00) (1.0995292e-03 -3.3329737e-04 -3.4609092e-04) (0.0000000e+00 0.0000000e+00 0.0000000e+00)) ((1.9157287e+00 6.2532964e-01 4.5144631e-01) (3.0879689e-05 8.2463027e-05 -1.4011699e-04) (0.0000000e+00 0.0000000e+00 0.0000000e+00))
2261          	((9.5236082e+00 -3.0396512e+01 -8.0809509e+00) (1.0921829e-03 -3.4864498e-04 -3.4491768e-04) (0.0000000e+00 0.0000000e+00 0.0000000e+00)) ((1.9043005e+00 5.7147599e-01 4.4721311e-01) (3.1951586e-05 8.2845632e-05 -1.3651285e-04) (0.0000000e+00 0.0000000e+00 0.0000000e+00))
2262          	((9.4921416e+00 -3.0377476e+01 -8.1541952e+00) (1.0958378e-03 -3.4382481e-04 -3.4653411e-04) (0.0000000e+00 0.0000000e+00 0.0000000e+00)) ((1.9007950e+00 5.5706150e-01 4.4612729e-01) (3.1476999e-05 8.2316475e-05 -1.3592866e-04) (0.0000000e+00 0.0000000e+00 0.0000000e+00))
2263          	((9.4767517e+00 -3.0389502e+01 -8.0214080e+00) (1.1017537e-03 -3.3102924e-04 -3.3929831e-04) (0.0000000e+00 0.0000000e+00 0.0000000e+00)) ((1.9056937e+00 5.5140259e-01 4.4539302e-01) (3.0788412e-05 8.1228873e-05 -1.3606595e-04) (0.0000000e+00 0.0000000e+00 0.0000000e+00))
2264          	((9.5196000e+00 -3.0400010e+01 -7.9425396e+00) (1.1093002e-03 -3.1726891e-04 -3.3147865e-04) (0.0000000e+00 0.0000000e+00 0.0000000e+00)) ((1.9088849e+00 5.7857068e-01 4.4733763e-01) (3.0118086e-05 8.1856069e-05 -1.3608157e-04) (0.0000000e+00 0.0000000e+00 0.0000000e+00))
2265          	((9.5197436e+00 -3.0392531e+01 -8.0281807e+00) (1.1163132e-03 -3.0944541e-04 -3.3078430e-04) (0.0000000e+00 0.0000000e+00 0.0000000e+00)) ((1.9056782e+00 5.8050397e-01 4.4775028e-01) (2.9628467e-05 8.3347695e-05 -1.3507164e-04) (0.0000000e+00 0.0000000e+00 0.0000000e+00))
2266          	((9.5154882e+00 -3.0383068e+01 -8.0646600e+00) (1.1253341e-03 -3.0311169e-04 -3.2794420e-04) (0.0000000e+00 0.0000000e+00 0.0000000e+00)) ((1.9038148e+00 5.7069205e-01 4.4743068e-01) (2.9255854e-05 8.3876252e-05 -1.3387776e-04) (0.0000000e+00 0.0000000e+00 0.0000000e+00))
2267          	((9.5032127e+00 -3.0375728e+01 -8.1627256e+00) (1.1304834e-03 -2.9732842e-04 -3.3380151e-04) (0.0000000e+00 0.0000000e+00 0.0000000e+00)) ((1.9004181e+00 5.7050381e-01 4.4711661e-01) (2.8604660e-05 8.4545855e-05 -1.3301765e-04) (0.0000000e+00 0.0000000e+00 0.0000000e+00))
2268          	((9.4970144e+00 -3.0376346e+01 -8.1108177e+00) (1.1390180e-03 -2.8978085e-04 -3.3217286e-04) (0.0000000e+00 0.0000000e+00 0.0000000e+00)) ((1.9020498e+00 5.6142150e-01 4.4640301e-01) (2.8069286e-05 8.4383665e-05 -1.3309044e-04) (0.0000000e+00 0.0000000e+00 0.0000000e+00))
2269          	((9.4779434e+00 -3.0377918e+01 -8.0908901e+00) (1.1435503e-03 -2.7979272e-04 -3.2752145e-04) (0.0000000e+00 0.0000000e+00 0.0000000e+00)) ((1.9028857e+00 5.5834820e-01 4.4616680e-01) (2.7506742e-05 8.4320878e-05 -1.3243743e-04) (0.0000000e+00 0.0000000e+00 0.0000000e+00))
2270          	((9.6636434e+00 -3.0431200e+01 -7.7467899e+00) (1.1379888e-03 -2.9477780e-04 -3.1679138e-04) (0.0000000e+00 0.0000000e+00 0.0000000e+00)) ((1.9161622e+00 6.1838505e-01 4.5149077e-01) (2.9211606e-05 8.4030275e-05 -1.2727782e-04) (0.0000000e+00 0.0000000e+00 0.0000000e+00))
2271          	((9.5411041e+00 -3.0382766e+01 -8.0696618e+00) (1.1341879e-03 -2.9958649e-04 -3.1266128e-04) (0.0000000e+00 0.0000000e+00 0.0000000e+00)) ((1.9038301e+00 5.8037624e-01 4.4789252e-01) (2.9700750e-05 8.4999879e-05 -1.2418882e-04) (0.0000000e+00 0.0000000e+00 0.0000000e+00))
2272          	((9.5152438e+00 -3.0372799e+01 -8.1319677e+00) (1.1414061e-03 -2.9268369e-04 -3.1233136e-04) (0.0000000e+00 0.0000000e+00 0.0000000e+00)) ((1.9014030e+00 5.6542639e-01 4.4714919e-01) (2.9155474e-05 8.5229501e-05 -1.2414826e-04) (0.0000000e+00 0.0000000e+00 0.0000000e+00))
2273          	((9.5374076e+00 -3.0378957e+01 -8.0521298e+00) (1.1514593e-03 -2.7837981e-04 -3.0964264e-04) (0.0000000e+00 0.0000000e+00 0.0000000e+00)) ((1.9042907e+00 5.7603632e-01 4.4810544e-01) (2.8223485e-05 8.5341521e-05 -1.2446247e-04) (0.0000000e+00 0.0000000e+00 0.0000000e+00))
2274          	((9.5496263e+00 -3.0386610e+01 -7.9699262e+00) (1.1575259e-03 -2.6562547e-04 -3.0294028e-04) (0.0000000e+00 0.0000000e+00 0.0000000e+00)) ((1.9073083e+00 5.8784007e-01 4.4875743e-01) (2.7591837e-05 8.6068918e-05 -1.2445397e-04) (0.0000000e+00 0.0000000e+00 0.0000000e+00))
2275          	((9.5445519e+00 -3.0388458e+01 -8.0144993e+00) (1.1614267e-03 -2.5958943e-04 -3.0192286e-04) (0.0000000e+00 0.0000000e+00 0.0000000e+00)) ((1.9061126e+00 5.8506091e-01 4.4890833e-01) (2.7206014e-05 8.6708822e-05 -1.2385358e-04) (0.0000000e+00 0.0000000e+00 0.0000000e+00))
2276          	((9.5371414e+00 -3.0374369e+01 -8.0951094e+00) (1.1650754e-03 -2.5551907e-04 -3.0426578e-04) (0.0000000e+00 0.0000000e+00 0.0000000e+00)) ((1.9025244e+00 5.7826251e-01 4.4846913e-01) (2.6799169e-05 8.6815182e-05 -1.2355628e-04) (0.0000000e+00 0.0000000e+00 0.0000000e+00))
2277          	((9.5172339e+00 -3.0371742e+01 -8.0898488e+00) (1.1687875e-03 -2.4681630e-04 -3.0261188e-04) (0.0000000e+00 0.0000000e+00 0.0000000e+00)) ((1.9025275e+00 5.6720203e-01 4.4787559e-01) (2.6200898e-05 8.6072201e-05 -1.2310508e-04) (0.0000000e+00 0.0000000e+00 0.0000000e+00))
2278          	((9.4855489e+00 -3.0386180e+01 -7.9752733e+00) (1.1805159e-03 -2.4166295e-04 -2.8814810e-04) (0.0000000e+00 0.0000000e+00 0.0000000e+00)) ((1.9069164e+00 5.5166706e-01 4.4635583e-01) (2.6256779e-05 8.4476997e-05 -1.2390395e-04) (0.0000000e+00 0.0000000e+00 0.0000000e+00))
2279          	((9.5114269e+00 -3.0370330e+01 -8.0785270e+00) (1.1863490e-03 -2.3326632e-04 -2.8491868e-04) (0.0000000e+00 0.0000000e+00 0.0000000e+00)) ((1.9029186e+00 5.6322434e-01 4.4763025e-01) (2.5791207e-05 8.4070267e-05 -1.2398014e-04) (0.0000000e+00 0.0000000e+00 0.0000000e+00))
2280          	((9.6788069e+00 -3.0439106e+01 -7.7141221e+00) (1.1773525e-03 -2.5229683e-04 -2.8285854e-04) (0.0000000e+00 0.0000000e+00 0.0000000e+00)) ((1.9179707e+00 6.2519538e-01 4.5251672e-01) (2.7502418e-05 8.4018643e-05 -1.1995108e-04) (0.0000000e+00 0.0000000e+00 0.0000000e+00))
2281          	((9.5705316e+00 -3.0381016e+01 -8.0857999e+00) (1.1685954e-03 -2.6447019e-04 -2.8782266e-04) (0.0000000e+00 0.0000000e+00 0.0000000e+00)) ((1.9033380e+00 5.8520010e-01 4.4934182e-01) (2.8196490e-05 8.4702970e-05 -1.1754325e-04) (0.0000000e+00 0.0000000e+00 0.0000000e+00))
2282          	((9.5110341e+00 -3.0368438e+01 -8.1924260e+00) (1.1659996e-03 -2.6269543e-04 -3.0006001e-04) (0.0000000e+00 0.0000000e+00 0.0000000e+00)) ((1.8993667e+00 5.6419677e-01 4.4768865e-01) (2.7582903e-05 8.4637759e-05 -1.1793546e-04) (0.0000000e+00 0.0000000e+00 0.0000000e+00))
2283          	((9.5142255e+00 -3.0373707e+01 -8.0360671e+00) (1.1627760e-03 -2.5194957e-04 -2.9877220e-04) (0.0000000e+00 0.0000000e+00 0.0000000e+00)) ((1.9044883e+00 5.6681033e-01 4.4762928e-01) (2.6845075e-05 8.3917766e-05 -1.1912381e-04) (0.0000000e+00 0.0000000e+00 0.0000000e+00))
2284          	((9.5242280e+00 -3.0386083e+01 -7.9326723e+00) (1.1554988e-03 -2.3783019e-04 -2.9219668e-04) (0.0000000e+00 0.0000000e+00 0.0000000e+00)) ((1.9085401e+00 5.7910367e-01 4.4826585e-01) (2.6132063e-05 8.3948373e-05 -1.1987392e-04) (0.0000000e+00 0.0000000e+00 0.0000000e+00))
2285          	((9.5023502e+00 -3.0405993e+01 -7.8963728e+00) (1.1572094e-03 -2.3786525e-04 -2.8689128e-04) (0.0000000e+00 0.0000000e+00 0.0000000e+00)) ((1.9108338e+00 5.7143195e-01 4.4729630e-01) (2.6313929e-05 8.4152611e-05 -1.2187639e-04) (0.0000000e+00 0.0000000e+00 0.0000000e+00))
2286          	((9.5076436e+00 -3.0389238e+01 -8.0244814e+00) (1.1626755e-03 -2.4530980e-04 -2.8900715e-04) (0.0000000e+00 0.0000000e+00 0.0000000e+00)) ((1.9056444e+00 5.6436930e-01 4.4755293e-01) (2.6715491e-05 8.3880042e-05 -1.2395189e-04) (0.0000000e+00 0.0000000e+00 0.0000000e+00))
2287          	((9.5042366e+00 -3.0382665e+01 -8.0615146e+00) (1.1697723e-03 -2.4476710e-04 -2.9452074e-04) (0.0000000e+00 0.0000000e+00 0.0000000e+00)) ((1.9040896e+00 5.5634123e-01 4.4755394e-01) (2.6476950e-05 8.3087468e-05 -1.2535437e-04) (0.0000000e+00 0.0000000e+00 0.0000000e+00))
2288          	((9.5060386e+00 -3.0375553e+01 -8.0686576e+00) (1.1748713e-03 -2.3999872e-04 -2.9856764e-04) (0.0000000e+00 0.0000000e+00 0.0000000e+00)) ((1.9033670e+00 5.6288945e-01 4.4767416e-01) (2.6014812e-05 8.2957584e-05 -1.2694777e-04) (0.0000000e+00 0.0000000e+00 0.0000000e+00))
2289          	((9.4611906e+00 -3.0391643e+01 -7.9736896e+00) (1.1801792e-03 -2.4042954e-04 -2.9407029e-04) (0.0000000e+00 0.0000000e+00 0.0000000e+00)) ((1.9073981e+00 5.4908650e-01 4.4578303e-01) (2.6179973e-05 8.2635320e-05 -1.2948015e-04) (0.0000000e+00 0.0000000e+00 0.0000000e+00))
2290          	((9.6633012e+00 -3.0443179e+01 -7.6913695e+00) (1.1691156e-03 -2.7054010e-04 -2.9241874e-04) (0.0000000e+00 0.0000000e+00 0.0000000e+00)) ((1.9187094e+00 6.2154250e-01 4.5176747e-01) (2.8639299e-05 8.2802697e-05 -1.2780924e-04) (0.0000000e+00 0.0000000e+00 0.0000000e+00))
2291          	((9.5298354e+00 -3.0400775e+01 -7.9412062e+00) (1.1588503e-03 -2.8692405e-04 -2.9154449e-04) (0.0000000e+00 0.0000000e+00 0.0000000e+00)) ((1.9090251e+00 5.7662239e-01 4.4770943e-01) (2.9844437e-05 8.3654937e-05 -1.2778597e-04) (0.0000000e+00 0.0000000e+00 0.0000000e+00))
2292          	((9.4615097e+00 -3.0394633e+01 -8.0323371e+00) (1.1582843e-03 -2.9449149e-04 -2.9462794e-04) (0.0000000e+00 0.0000000e+00 0.0000000e+00)) ((1.9059046e+00 5.4152605e-01 4.4527983e-01) (3.0166901e-05 8.2718820e-05 -1.3043032e-04) (0.0000000e+00 0.0000000e+00 0.0000000e+00))
2293          	((9.4696093e+00 -3.0387351e+01 -8.1275241e+00) (1.1588188e-03 -2.9836053e-04 -3.1073429e-04) (0.0000000e+00 0.0000000e+00 0.0000000e+00)) ((1.9023544e+00 5.4994090e-01 4.4582014e-01) (2.9796904e-05 8.2109704e-05 -1.3372943e-04) (0.0000000e+00 0.0000000e+00 0.0000000e+00))
2294          	((9.4825705e+00 -3.0380895e+01 -8.1056679e+00) (1.1618396e-03 -2.9883339e-04 -3.2281695e-04) (0.0000000e+00 0.0000000e+00 0.0000000e+00)) ((1.9023797e+00 5.5732371e-01 4.4623339e-01) (2.9389794e-05 8.2074576e-05 -1.3715358e-04) (0.0000000e+00 0.0000000e+00 0.0000000e+00))
2295          	((9.5026504e+00 -3.0385937e+01 -8.1062198e+00) (1.1636680e-03 -2.9795360e-04 -3.3447174e-04) (0.0000000e+00 0.0000000e+00 0.0000000e+00)) ((1.9028581e+00 5.7152835e-01 4.4725776e-01) (2.8928314e-05 8.3140742e-05 -1.4029376e-04) (0.0000000e+00 0.0000000e+00 0.0000000e+00))
2296          	((9.5043848e+00 -3.0390783e+01 -8.0345674e+00) (1.1645970e-03 -2.9976288e-04 -3.3573476e-04) (0.0000000e+00 0.0000000e+00 0.0000000e+00)) ((1.9054161e+00 5.7324864e-01 4.4716712e-01) (2.8975618e-05 8.4161582e-05 -1.4337108e-04) (0.0000000e+00 0.0000000e+00 0.0000000e+00))
2297          	((9.4783053e+00 -3.0390717e+01 -7.9895584e+00) (1.1601355e-03 -2.9757095e-04 -3.2906861e-04) (0.0000000e+00 0.0000000e+00 0.0000000e+00)) ((1.9067850e+00 5.6539241e-01 4.4613625e-01) (2.9010121e-05 8.4543361e-05 -1.4601557e-04) (0.0000000e+00 0.0000000e+00 0.0000000e+00))
2298          	((9.4875680e+00 -3.0381947e+01 -8.0092130e+00) (1.1560210e-03 -2.9094949e-04 -3.2211328e-04) (0.0000000e+00 0.0000000e+00 0.0000000e+00)) ((1.9054648e+00 5.6985742e-01 4.4613041e-01) (2.8754140e-05 8.5008446e-05 -1.4884096e-04) (0.0000000e+00 0.0000000e+00 0.0000000e+00))
2299          	((9.4876107e+00 -3.0381929e+01 -8.0601605e+00) (1.1574828e-03 -2.8747399e-04 -3.1990242e-04) (0.0000000e+00 0.0000000e+00 0.0000000e+00)) ((1.9039399e+00 5.6281214e-01 4.4613902e-01) (2.8531708e-05 8.4907270e-05 -1.5117782e-04) (0.0000000e+00 0.0000000e+00 0.0000000e+00))
2300          	((9.4843709e+00 -3.0376687e+01 -8.0762106e+00) (1.1608447e-03 -2.8471027e-04 -3.1782037e-04) (0.0000000e+00 0.0000000e+00 0.0000000e+00)) ((1.9031274e+00 5.6015117e-01 4.4605529e-01) (2.8343621e-05 8.4509169e-05 -1.5310241e-04) (0.0000000e+00 0.0000000e+00 0.0000000e+00))
2301          	((9.6589200e+00 -3.0432436e+01 -7.8417484e+00) (1.1468451e-03 -3.1373952e-04 -3.2408796e-04) (0.0000000e+00 0.0000000e+00 0.0000000e+00)) ((1.9133673e+00 6.2517738e-01 4.5151238e-01) (3.0377551e-05 8.4512857e-05 -1.5034744e-04) (0.0000000e+00 0.0000000e+00 0.0000000e+00))
2302          	((9.5070445e+00 -3.0403025e+01 -7.9872726e+00) (1.1324893e-03 -3.3565284e-04 -3.2074720e-04) (0.0000000e+00 0.0000000e+00 0.0000000e+00)) ((1.9077773e+00 5.5916734e-01 4.4622606e-01) (3.1890802e-05 8.3108779e-05 -1.4904946e-04) (0.0000000e+00 0.0000000e+00 0.0000000e+00))
2303          	((9.4610872e+00 -3.0383909e+01 -8.1179520e+00) (1.1226727e-03 -3.3617245e-04 -3.2487142e-04) (0.0000000e+00 0.0000000e+00 0.0000000e+00)) ((1.9024860e+00 5.4634725e-01 4.4494149e-01) (3.1634668e-05 8.1330620e-05 -1.5009444e-04) (0.0000000e+00 0.0000000e+00 0.0000000e+00))
2304          	((9.4639604e+00 -3.0386348e+01 -8.0838976e+00) (1.1185741e-03 -3.3046507e-04 -3.3124191e-04) (0.0000000e+00 0.0000000e+00 0.0000000e+00)) ((1.9035925e+00 5.4815598e-01 4.4488728e-01) (3.0936134e-05 7.9917127e-05 -1.5205121e-04) (0.0000000e+00 0.0000000e+00 0.0000000e+00))
2305          	((9.4951702e+00 -3.0392263e+01 -7.9735580e+00) (1.1172396e-03 -3.1972249e-04 -3.3001698e-04) (0.0000000e+00 0.0000000e+00 0.0000000e+00)) ((1.9073550e+00 5.7142134e-01 4.4642374e-01) (3.0224186e-05 8.0055881e-05 -1.5369036e-04) (0.0000000e+00 0.0000000e+00 0.0000000e+00))
2306          	((9.5264728e+00 -3.0394658e+01 -7.9595274e+00) (1.1173477e-03 -3.1155214e-04 -3.2865255e-04) (0.0000000e+00 0.0000000e+00 0.0000000e+00)) ((1.9080297e+00 5.8744316e-01 4.4773274e-01) (2.9729983e-05 8.1569634e-05 -1.5470538e-04) (0.0000000e+00 0.0000000e+00 0.0000000e+00))
2307          	((9.4946364e+00 -3.0395477e+01 -7.9924609e+00) (1.1132905e-03 -3.0937991e-04 -3.2885378e-04) (0.0000000e+00 0.0000000e+00 0.0000000e+00)) ((1.9070103e+00 5.7300147e-01 4.4672457e-01) (2.9543681e-05 8.2244048e-05 -1.5475639e-04) (0.0000000e+00 0.0000000e+00 0.0000000e+00))
2308          	((9.4901164e+00 -3.0391605e+01 -8.0101881e+00) (1.1116241e-03 -3.0862091e-04 -3.2761970e-04) (0.0000000e+00 0.0000000e+00 0.0000000e+00)) ((1.9061093e+00 5.6445906e-01 4.4624237e-01) (2.9440922e-05 8.1883068e-05 -1.5491658e-04) (0.0000000e+00 0.0000000e+00 0.0000000e+00))
2309          	((9.4866791e+00 -3.0383809e+01 -8.0767255e+00) (1.1125581e-03 -3.0632369e-04 -3.3091263e-04) (0.0000000e+00 0.0000000e+00 0.0000000e+00)) ((1.9035038e+00 5.5903597e-01 4.4630320e-01) (2.9095607e-05 8.1120673e-05 -1.5442133e-04) (0.0000000e+00 0.0000000e+00 0.0000000e+00))
2310          	((9.4848276e+00 -3.0381642e+01 -8.1090880e+00) (1.1117677e-03 -3.0545497e-04 -3.3847728e-04) (0.0000000e+00 0.0000000e+00 0.0000000e+00)) ((1.9024689e+00 5.6326268e-01 4.4632231e-01) (2.8728993e-05 8.1089881e-05 -1.5407616e-04) (0.0000000e+00 0.0000000e+00 0.0000000e+00))
2311          	((9.6465383e+00 -3.0445654e+01 -7.7460240e+00) (1.0962148e-03 -3.3217960e-04 -3.4048533e-04) (0.0000000e+00 0.0000000e+00 0.0000000e+00)) ((1.9171834e+00 6.1953813e-01 4.5101219e-01) (3.0779644e-05 8.0781804e-05 -1.4933827e-04) (0.0000000e+00 0.0000000e+00 0.0000000e+00))
2312          	((9.5462863e+00 -3.0403277e+01 -7.9696186e+00) (1.0864329e-03 -3.4889868e-04 -3.3566424e-04) (0.0000000e+00 0.0000000e+00 0.0000000e+00)) ((1.9081292e+00 5.8246728e-01 4.4774821e-01) (3.2075365e-05 8.1042990e-05 -1.4636913e-04) (0.0000000e+00 0.0000000e+00 0.0000000e+00))
2313          	((9.5112596e+00 -3.0390963e+01 -8.0541531e+00) (1.0844613e-03 -3.4897264e-04 -3.3711185e-04) (0.0000000e+00 0.0000000e+00 0.0000000e+00)) ((1.9049007e+00 5.7313558e-01 4.4701847e-01) (3.1975488e-05 8.1370644e-05 -1.4561838e-04) (0.0000000e+00 0.0000000e+00 0.0000000e+00))
2314          	((9.5115179e+00 -3.0382087e+01 -8.1218170e+00) (1.0851500e-03 -3.4586481e-04 -3.4502568e-04) (0.0000000e+00 0.0000000e+00 0.0000000e+00)) ((1.9020472e+00 5.6861829e-01 4.4725126e-01) (3.1458887e-05 8.0977183e-05 -1.4446858e-04) (0.0000000e+00 0.0000000e+00 0.0000000e+00))
2315          	((9.5051987e+00 -3.0388787e+01 -8.1040161e+00) (1.0857374e-03 -3.4083250e-04 -3.5445843e-04) (0.0000000e+00 0.0000000e+00 0.0000000e+00)) ((1.9030751e+00 5.6575417e-01 4.4715344e-01) (3.0795210e-05 8.0119313e-05 -1.4307687e-04) (0.0000000e+00 0.0000000e+00 0.0000000e+00))
2316          	((9.4797529e+00 -3.0398478e+01 -7.9693667e+00) (1.0848472e-03 -3.3408203e-04 -3.4934280e-04) (0.0000000e+00 0.0000000e+00 0.0000000e+00)) ((1.9078421e+00 5.5728338e-01 4.4612717e-01) (3.0502852e-05 7.8924544e-05 -1.4164823e-04) (0.0000000e+00 0.0000000e+00 0.0000000e+00))
2317          	((9.4653278e+00 -3.0414944e+01 -7.8538050e+00) (1.0863054e-03 -3.2973359e-04 -3.3377799e-04) (0.0000000e+00 0.0000000e+00 0.0000000e+00)) ((1.9125575e+00 5.4466353e-01 4.4522945e-01) (3.0707212e-05 7.7152678e-05 -1.4035194e-04) (0.0000000e+00 0.0000000e+00 0.0000000e+00))
2318          	((9.4749790e+00 -3.0403864e+01 -8.0173094e+00) (1.0908303e-03 -3.3397582e-04 -3.3296410e-04) (0.0000000e+00 0.0000000e+00 0.0000000e+00)) ((1.9066368e+00 5.5515563e-01 4.4581429e-01) (3.0985402e-05 7.7213723e-05 -1.3942990e-04) (0.0000000e+00 0.0000000e+00 0.0000000e+00))
2319          	((9.4856602e+00 -3.0390160e+01 -8.0881080e+00) (1.0967218e-03 -3.3381349e-04 -3.4052382e-04) (0.0000000e+00 0.0000000e+00 0.0000000e+00)) ((1.9035492e+00 5.6476673e-01 4.4630088e-01) (3.0709506e-05 7.8840236e-05 -1.3894945e-04) (0.0000000e+00 0.0000000e+00 0.0000000e+00))
2320          	((9.4895905e+00 -3.0388186e+01 -8.0769284e+00) (1.1017311e-03 -3.2712013e-04 -3.4567087e-04) (0.0000000e+00 0.0000000e+00 0.0000000e+00)) ((1.9038612e+00 5.7162477e-01 4.4659040e-01) (3.0105038e-05 8.1008783e-05 -1.3827145e-04) (0.0000000e+00 0.0000000e+00 0.0000000e+00))
2321          	((9.6752370e+00 -3.0449567e+01 -7.7284471e+00) (1.0969969e-03 -3.5206118e-04 -3.4171619e-04) (0.0000000e+00 0.0000000e+00 0.0000000e+00)) ((1.9179074e+00 6.2799040e-01 4.5189279e-01) (3.2291338e-05 8.2171825e-05 -1.3298036e-04) (0.0000000e+00 0.0000000e+00 0.0000000e+00))
2322          	((9.5407915e+00 -3.0409852e+01 -8.0224288e+00) (1.0929850e-03 -3.7462041e-04 -3.3924480e-04) (0.0000000e+00 0.0000000e+00 0.0000000e+00)) ((1.9069493e+00 5.8030169e-01 4.4786373e-01) (3.3919843e-05 8.3309131e-05 -1.2904816e-04) (0.0000000e+00 0.0000000e+00 0.0000000e+00))
2323          	((9.4937530e+00 -3.0392303e+01 -8.1549706e+00) (1.0983116e-03 -3.8408815e-04 -3.4490131e-04) (0.0000000e+00 0.0000000e+00 0.0000000e+00)) ((1.9017951e+00 5.5659643e-01 4.4634064e-01) (3.4283530e-05 8.3264582e-05 -1.2807476e-04) (0.0000000e+00 0.0000000e+00 0.0000000e+00))
2324          	((9.4786764e+00 -3.0395958e+01 -8.1308631e+00) (1.1059200e-03 -3.8595960e-04 -3.5161900e-04) (0.0000000e+00 0.0000000e+00 0.0000000e+00)) ((1.9027340e+00 5.5054522e-01 4.4591991e-01) (3.4128165e-05 8.2551761e-05 -1.2768495e-04) (0.0000000e+00 0.0000000e+00 0.0000000e+00))
2325          	((9.4888421e+00 -3.0402983e+01 -7.9722414e+00) (1.1170105e-03 -3.7926749e-04 -3.4303504e-04) (0.0000000e+00 0.0000000e+00 0.0000000e+00)) ((1.9079617e+00 5.5733506e-01 4.4603549e-01) (3.3975366e-05 8.2163359e-05 -1.2779801e-04) (0.0000000e+00 0.0000000e+00 0.0000000e+00))
2326          	((9.4869638e+00 -3.0399757e+01 -8.0253898e+00) (1.1235990e-03 -3.7142932e-04 -3.3926067e-04) (0.0000000e+00 0.0000000e+00 0.0000000e+00)) ((1.9061390e+00 5.6462151e-01 4.4638930e-01) (3.3631218e-05 8.3179798e-05 -1.2736517e-04) (0.0000000e+00 0.0000000e+00 0.0000000e+00))
2327          	((9.4896681e+00 -3.0394432e+01 -8.0386585e+00) (1.1304120e-03 -3.6400662e-04 -3.3521102e-04) (0.0000000e+00 0.0000000e+00 0.0000000e+00)) ((1.9053334e+00 5.6420601e-01 4.4638765e-01) (3.3285317e-05 8.4444458e-05 -1.2700717e-04) (0.0000000e+00 0.0000000e+00 0.0000000e+00))
2328          	((9.4873033e+00 -3.0388888e+01 -8.0891947e+00) (1.1367879e-03 -3.5503631e-04 -3.3412907e-04) (0.0000000e+00 0.0000000e+00 0.0000000e+00)) ((1.9034717e+00 5.6438840e-01 4.4642741e-01) (3.2705698e-05 8.5817341e-05 -1.2655541e-04) (0.0000000e+00 0.0000000e+00 0.0000000e+00))
2329          	((9.4839103e+00 -3.0387350e+01 -8.0914923e+00) (1.1426837e-03 -3.4442974e-04 -3.3271482e-04) (0.0000000e+00 0.0000000e+00 0.0000000e+00)) ((1.9033395e+00 5.6364407e-01 4.4630167e-01) (3.2011338e-05 8.7037461e-05 -1.2623197e-04) (0.0000000e+00 0.0000000e+00 0.0000000e+00))
2330          	((9.4954852e+00 -3.0386839e+01 -8.1016140e+00) (1.1504400e-03 -3.3965561e-04 -3.3064486e-04) (0.0000000e+00 0.0000000e+00 0.0000000e+00)) ((1.9029779e+00 5.6710898e-01 4.4645576e-01) (3.1725440e-05 8.8349027e-05 -1.2645946e-04) (0.0000000e+00 0.0000000e+00 0.0000000e+00))
2331          	((9.6678344e+00 -3.0441994e+01 -7.7645901e+00) (1.1450818e-03 -3.6062951e-04 -3.2459389e-04) (0.0000000e+00 0.0000000e+00 0.0000000e+00)) ((1.9162916e+00 6.2672010e-01 4.5147552e-01) (3.3693110e-05 8.9223633e-05 -1.2231516e-04) (0.0000000e+00 0.0000000e+00 0.0000000e+00))
2332          	((9.5323559e+00 -3.0407329e+01 -7.8969755e+00) (1.1449429e-03 -3.6655683e-04 -3.0479600e-04) (0.0000000e+00 0.0000000e+00 0.0000000e+00)) ((1.9107059e+00 5.6948661e-01 4.4679684e-01) (3.4784899e-05 8.8981059e-05 -1.2018025e-04) (0.0000000e+00 0.0000000e+00 0.0000000e+00))
2333          	((9.4661174e+00 -3.0391851e+01 -8.1133008e+00) (1.1474650e-03 -3.6305138e-04 -3.0545263e-04) (0.0000000e+00 0.0000000e+00 0.0000000e+00)) ((1.9031823e+00 5.4686160e-01 4.4504353e-01) (3.4428213e-05 8.8250897e-05 -1.2054297e-04) (0.0000000e+00 0.0000000e+00 0.0000000e+00))
2334          	((9.4730106e+00 -3.0390136e+01 -8.1312081e+00) (1.1553594e-03 -3.5863521e-04 -3.1424858e-04) (0.0000000e+00 0.0000000e+00 0.0000000e+00)) ((1.9023708e+00 5.4636859e-01 4.4516516e-01) (3.3723094e-05 8.7339554e-05 -1.2210750e-04) (0.0000000e+00 0.0000000e+00 0.0000000e+00))
2335          	((9.4804024e+00 -3.0386173e+01 -8.0688058e+00) (1.1641159e-03 -3.4782874e-04 -3.1610157e-04) (0.0000000e+00 0.0000000e+00 0.0000000e+00)) ((1.9038506e+00 5.5837707e-01 4.4547877e-01) (3.2892548e-05 8.7342921e-05 -1.2412479e-04) (0.0000000e+00 0.0000000e+00 0.0000000e+00))
2336          	((9.4919190e+00 -3.0379966e+01 -8.1336725e+00) (1.1728205e-03 -3.3942745e-04 -3.2055302e-04) (0.0000000e+00 0.0000000e+00 0.0000000e+00)) ((1.9014615e+00 5.6280730e-01 4.4610218e-01) (3.2174098e-05 8.8019158e-05 -1.2590584e-04) (0.0000000e+00 0.0000000e+00 0.0000000e+00))
2337          	((9.5037774e+00 -3.0387470e+01 -8.0780757e+00) (1.1795072e-03 -3.2993455e-04 -3.2343086e-04) (0.0000000e+00 0.0000000e+00 0.0000000e+00)) ((1.9038141e+00 5.7640028e-01 4.4664837e-01) (3.1422553e-05 8.9653290e-05 -1.2806134e-04) (0.0000000e+00 0.0000000e+00 0.0000000e+00))
2338          	((9.5205080e+00 -3.0388699e+01 -7.9929066e+00) (1.1868389e-03 -3.1765527e-04 -3.1655572e-04) (0.0000000e+00 0.0000000e+00 0.0000000e+00)) ((1.9065780e+00 5.8236592e-01 4.4708043e-01) (3.0816147e-05 9.1343369e-05 -1.3011566e-04) (0.0000000e+00 0.0000000e+00 0.0000000e+00))
2339          	((9.4932692e+00 -3.0398224e+01 -7.9344584e+00) (1.1941212e-03 -3.0534248e-04 -3.0487341e-04) (0.0000000e+00 0.0000000e+00 0.0000000e+00)) ((1.9090772e+00 5.6349552e-01 4.4601003e-01) (3.0358457e-05 9.1297268e-05 -1.3146781e-04) (0.0000000e+00 0.0000000e+00 0.0000000e+00))
2340          	((9.4677657e+00 -3.0395872e+01 -7.9753864e+00) (1.1987500e-03 -2.9645808e-04 -2.9768415e-04) (0.0000000e+00 0.0000000e+00 0.0000000e+00)) ((1.9075709e+00 5.4715723e-01 4.4482426e-01) (2.9933959e-05 8.9980876e-05 -1.3278307e-04) (0.0000000e+00 0.0000000e+00 0.0000000e+00))
2341          	((9.4690009e+00 -3.0385694e+01 -8.0762378e+00) (1.2040871e-03 -2.8768433e-04 -3.0201509e-04) (0.0000000e+00 0.0000000e+00 0.0000000e+00)) ((1.9037229e+00 5.5116206e-01 4.4478793e-01) (2.9128438e-05 8.9458876e-05 -1.3471180e-04) (0.0000000e+00 0.0000000e+00 0.0000000e+00))
2342          	((9.6462959e+00 -3.0435680e+01 -7.7078934e+00) (1.1971107e-03 -2.9931723e-04 -2.9971789e-04) (0.0000000e+00 0.0000000e+00 0.0000000e+00)) ((1.9176208e+00 6.1961219e-01 4.4998304e-01) (3.0316638e-05 8.9688172e-05 -1.3317356e-04) (0.0000000e+00 0.0000000e+00 0.0000000e+00))
2343          	((9.5365614e+00 -3.0391565e+01 -8.0099877e+00) (1.1877302e-03 -3.0411132e-04 -3.0079457e-04) (0.0000000e+00 0.0000000e+00 0.0000000e+00)) ((1.9061121e+00 5.8758012e-01 4.4695842e-01) (3.0625649e-05 9.1157730e-05 -1.3268962e-04) (0.0000000e+00 0.0000000e+00 0.0000000e+00))
2344          	((9.5041609e+00 -3.0381502e+01 -8.1046194e+00) (1.1895485e-03 -2.9926888e-04 -3.0828468e-04) (0.0000000e+00 0.0000000e+00 0.0000000e+00)) ((1.9026820e+00 5.6511152e-01 4.4585510e-01) (2.9950028e-05 9.0925192e-05 -1.3469862e-04) (0.0000000e+00 0.0000000e+00 0.0000000e+00))
2345          	((9.4908409e+00 -3.0387160e+01 -8.0917914e+00) (1.1899015e-03 -2.9420986e-04 -3.1932080e-04) (0.0000000e+00 0.0000000e+00 0.0000000e+00)) ((1.9034684e+00 5.6367617e-01 4.4570230e-01) (2.9137467e-05 9.0051988e-05 -1.3689303e-04) (0.0000000e+00 0.0000000e+00 0.0000000e+00))
2346          	((9.4992665e+00 -3.0385053e+01 -8.0775077e+00) (1.1913230e-03 -2.9085252e-04 -3.2659242e-04) (0.0000000e+00 0.0000000e+00 0.0000000e+00)) ((1.9035650e+00 5.6557465e-01 4.4589748e-01) (2.8598218e-05 8.9087897e-05 -1.3909741e-04) (0.0000000e+00 0.0000000e+00 0.0000000e+00))
2347          	((9.5000855e+00 -3.0378874e+01 -8.0886378e+00) (1.1909603e-03 -2.8097456e-04 -3.3336381e-04) (0.0000000e+00 0.0000000e+00 0.0000000e+00)) ((1.9027679e+00 5.7228179e-01 4.4611915e-01) (2.7680515e-05 8.8850900e-05 -1.4122328e-04) (0.0000000e+00 0.0000000e+00 0.0000000e+00))
2348          	((9.4930075e+00 -3.0383208e+01 -8.0626132e+00) (1.1932357e-03 -2.7476325e-04 -3.3380149e-04) (0.0000000e+00 0.0000000e+00 0.0000000e+00)) ((1.9039226e+00 5.6154919e-01 4.4571485e-01) (2.7199357e-05 8.7965382e-05 -1.4332154e-04) (0.0000000e+00 0.0000000e+00 0.0000000e+00))
2349          	((9.4735215e+00 -3.0392320e+01 -8.0168744e+00) (1.1904606e-03 -2.7093888e-04 -3.3092356e-04) (0.0000000e+00 0.0000000e+00 0.0000000e+00)) ((1.9060270e+00 5.5726192e-01 4.4529919e-01) (2.6965231e-05 8.6976542e-05 -1.4481669e-04) (0.0000000e+00 0.0000000e+00 0.0000000e+00))
2350          	((9.4939819e+00 -3.0384942e+01 -8.0563502e+00) (1.1912204e-03 -2.6696418e-04 -3.2989121e-04) (0.0000000e+00 0.0000000e+00 0.0000000e+00)) ((1.9042518e+00 5.6588000e-01 4.4587770e-01) (2.6657185e-05 8.6887750e-05 -1.4668528e-04) (0.0000000e+00 0.0000000e+00 0.0000000e+00))
2351          	((9.5016803e+00 -3.0381682e+01 -8.0805926e+00) (1.1920811e-03 -2.6111608e-04 -3.3333077e-04) (0.0000000e+00 0.0000000e+00 0.0000000e+00)) ((1.9034069e+00 5.7669649e-01 4.4644072e-01) (2.6123932e-05 8.8012805e-05 -1.4866668e-04) (0.0000000e+00 0.0000000e+00 0.0000000e+00))
2352          	((9.6732442e+00 -3.0443507e+01 -7.6915133e+00) (1.1824856e-03 -2.8090829e-04 -3.2650836e-04) (0.0000000e+00 0.0000000e+00 0.0000000e+00)) ((1.9187210e+00 6.2943404e-01 4.5102447e-01) (2.8006235e-05 8.8072284e-05 -1.4671886e-04) (0.0000000e+00 0.0000000e+00 0.0000000e+00))
2353          	((9.5588484e+00 -3.0400504e+01 -7.9738614e+00) (1.1752424e-03 -2.9433944e-04 -3.1967845e-04) (0.0000000e+00 0.0000000e+00 0.0000000e+00)) ((1.9078646e+00 5.8772562e-01 4.4770438e-01) (2.9124715e-05 8.8089134e-05 -1.4601925e-04) (0.0000000e+00 0.0000000e+00 0.0000000e+00))
2354          	((9.4842462e+00 -3.0391743e+01 -8.0454756e+00) (1.1748094e-03 -2.9616196e-04 -3.1670452e-04) (0.0000000e+00 0.0000000e+00 0.0000000e+00)) ((1.9052204e+00 5.4793664e-01 4.4542009e-01) (2.9222417e-05 8.5795683e-05 -1.4677640e-04) (0.0000000e+00 0.0000000e+00 0.0000000e+00))
2355          	((9.4699868e+00 -3.0392497e+01 -8.0588179e+00) (1.1713358e-03 -2.9202219e-04 -3.2105788e-04) (0.0000000e+00 0.0000000e+00 0.0000000e+00)) ((1.9048072e+00 5.4789393e-01 4.4534964e-01) (2.8685121e-05 8.3419051e-05 -1.4745271e-04) (0.0000000e+00 0.0000000e+00 0.0000000e+00))
2356          	((9.4965750e+00 -3.0388809e+01 -8.1038313e+00) (1.1691138e-03 -2.8989712e-04 -3.3261977e-04) (0.0000000e+00 0.0000000e+00 0.0000000e+00)) ((1.9030670e+00 5.6080850e-01 4.4625832e-01) (2.8099531e-05 8.2522187e-05 -1.4858104e-04) (0.0000000e+00 0.0000000e+00 0.0000000e+00))
2357          	((9.4942898e+00 -3.0383720e+01 -8.1169775e+00) (1.1654247e-03 -2.8736061e-04 -3.4313133e-04) (0.0000000e+00 0.0000000e+00 0.0000000e+00)) ((1.9022819e+00 5.6677964e-01 4.4654625e-01) (2.7545987e-05 8.2678058e-05 -1.4953833e-04) (0.0000000e+00 0.0000000e+00 0.0000000e+00))
2358          	((9.5037952e+00 -3.0387314e+01 -8.0447039e+00) (1.1611849e-03 -2.8381265e-04 -3.4407705e-04) (0.0000000e+00 0.0000000e+00 0.0000000e+00)) ((1.9047628e+00 5.7520478e-01 4.4671775e-01) (2.7242843e-05 8.3522493e-05 -1.5088071e-04) (0.0000000e+00 0.0000000e+00 0.0000000e+00))
2359          	((9.5187894e+00 -3.0396454e+01 -7.9823403e+00) (1.1569739e-03 -2.7842629e-04 -3.4065752e-04) (0.0000000e+00 0.0000000e+00 0.0000000e+00)) ((1.9074472e+00 5.8550347e-01 4.4732184e-01) (2.6981277e-05 8.4967559e-05 -1.5220080e-04) (0.0000000e+00 0.0000000e+00 0.0000000e+00))
2360          	((9.5107235e+00 -3.0385276e+01 -8.0787948e+00) (1.1545939e-03 -2.7723935e-04 -3.4165885e-04) (0.0000000e+00 0.0000000e+00 0.0000000e+00)) ((1.9036213e+00 5.7413288e-01 4.4703494e-01) (2.6846236e-05 8.5468242e-05 -1.5281070e-04) (0.0000000e+00 0.0000000e+00 0.0000000e+00))
2361          	((9.4972160e+00 -3.0379444e+01 -8.0982484e+00) (1.1525620e-03 -2.7257589e-04 -3.4299679e-04) (0.0000000e+00 0.0000000e+00 0.0000000e+00)) ((1.9026371e+00 5.6563588e-01 4.4669477e-01) (2.6467053e-05 8.4976183e-05 -1.5277786e-04) (0.0000000e+00 0.0000000e+00 0.0000000e+00))
2362          	((9.6723117e+00 -3.0439846e+01 -7.7383336e+00) (1.1372036e-03 -2.9669979e-04 -3.3830637e-04) (0.0000000e+00 0.0000000e+00 0.0000000e+00)) ((1.9169578e+00 6.2269187e-01 4.5166042e-01) (2.8606180e-05 8.3768118e-05 -1.4806257e-04) (0.0000000e+00 0.0000000e+00 0.0000000e+00))
2363          	((9.5294294e+00 -3.0397943e+01 -8.0494644e+00) (1.1216306e-03 -3.1588993e-04 -3.3823606e-04) (0.0000000e+00 0.0000000e+00 0.0000000e+00)) ((1.9054056e+00 5.7634038e-01 4.4744046e-01) (2.9915564e-05 8.3345117e-05 -1.4516176e-04) (0.0000000e+00 0.0000000e+00 0.0000000e+00))
2364          	((9.4943354e+00 -3.0376912e+01 -8.1631536e+00) (1.1150099e-03 -3.1769495e-04 -3.4456043e-04) (0.0000000e+00 0.0000000e+00 0.0000000e+00)) ((1.9006091e+00 5.5937585e-01 4.4642242e-01) (2.9742697e-05 8.2408733e-05 -1.4505439e-04) (0.0000000e+00 0.0000000e+00 0.0000000e+00))
2365          	((9.4978212e+00 -3.0372846e+01 -8.1775317e+00) (1.1105667e-03 -3.0866988e-04 -3.5400830e-04) (0.0000000e+00 0.0000000e+00 0.0000000e+00)) ((1.8998130e+00 5.6055470e-01 4.4689271e-01) (2.8776516e-05 8.1248165e-05 -1.4467905e-04) (0.0000000e+00 0.0000000e+00 0.0000000e+00))
2366          	((9.5040062e+00 -3.0381562e+01 -8.0205085e+00) (1.1093454e-03 -2.9470221e-04 -3.4768080e-04) (0.0000000e+00 0.0000000e+00 0.0000000e+00)) ((1.9051339e+00 5.6286977e-01 4.4692259e-01) (2.8062829e-05 7.9873951e-05 -1.4431028e-04) (0.0000000e+00 0.0000000e+00 0.0000000e+00))
2367          	((9.5172231e+00 -3.0382820e+01 -8.0485337e+00) (1.1018291e-03 -2.8507326e-04 -3.4529646e-04) (0.0000000e+00 0.0000000e+00 0.0000000e+00)) ((1.9044441e+00 5.8265138e-01 4.4784048e-01) (2.7540246e-05 8.0464213e-05 -1.4381648e-04) (0.0000000e+00 0.0000000e+00 0.0000000e+00))
2368          	((9.5154812e+00 -3.0403135e+01 -7.8693953e+00) (1.0955315e-03 -2.7919065e-04 -3.3209148e-04) (0.0000000e+00 0.0000000e+00 0.0000000e+00)) ((1.9115052e+00 5.7911285e-01 4.4757331e-01) (2.7621418e-05 8.0896107e-05 -1.4332882e-04) (0.0000000e+00 0.0000000e+00 0.0000000e+00))
2369          	((9.4639173e+00 -3.0409028e+01 -7.8937656e+00) (1.0885175e-03 -2.7851308e-04 -3.2064890e-04) (0.0000000e+00 0.0000000e+00 0.0000000e+00)) ((1.9110736e+00 5.5049485e-01 4.4548582e-01) (2.7945155e-05 7.9555138e-05 -1.4225906e-04) (0.0000000e+00 0.0000000e+00 0.0000000e+00))
2370          	((9.4773124e+00 -3.0401943e+01 -7.9730901e+00) (1.0855323e-03 -2.8020920e-04 -3.1913316e-04) (0.0000000e+00 0.0000000e+00 0.0000000e+00)) ((1.9080411e+00 5.5399398e-01 4.4596483e-01) (2.8068405e-05 7.8479373e-05 -1.4147708e-04) (0.0000000e+00 0.0000000e+00 0.0000000e+00))
2371          	((9.4825236e+00 -3.0390928e+01 -8.0674673e+00) (1.0881686e-03 -2.8297829e-04 -3.2645594e-04) (0.0000000e+00 0.0000000e+00 0.0000000e+00)) ((1.9043781e+00 5.5647115e-01 4.4631324e-01) (2.7977448e-05 7.8349391e-05 -1.4072453e-04) (0.0000000e+00 0.0000000e+00 0.0000000e+00))
2372          	((9.4882452e+00 -3.0389920e+01 -8.0635912e+00) (1.0913639e-03 -2.8205118e-04 -3.3427844e-04) (0.0000000e+00 0.0000000e+00 0.0000000e+00)) ((1.9045237e+00 5.6256586e-01 4.4650777e-01) (2.7649550e-05 7.9030960e-05 -1.4029401e-04) (0.0000000e+00 0.0000000e+00 0.0000000e+00))
2373          	((9.6561381e+00 -3.0442620e+01 -7.7790111e+00) (1.0792663e-03 -3.0779385e-04 -3.4053503e-04) (0.0000000e+00 0.0000000e+00 0.0000000e+00)) ((1.9160304e+00 6.2479829e-01 4.5162742e-01) (2.9543655e-05 7.9906520e-05 -1.3537590e-04) (0.0000000e+00 0.0000000e+00 0.0000000e+00))
2374          	((9.5361127e+00 -3.0400411e+01 -7.9975924e+00) (1.0710677e-03 -3.2503951e-04 -3.3886406e-04) (0.0000000e+00 0.0000000e+00 0.0000000e+00)) ((1.9071502e+00 5.7862517e-01 4.4766980e-01) (3.0795160e-05 8.0658683e-05 -1.3226864e-04) (0.0000000e+00 0.0000000e+00 0.0000000e+00))
2375          	((9.4905305e+00 -3.0385736e+01 -8.1298567e+00) (1.0699570e-03 -3.2737072e-04 -3.4551509e-04) (0.0000000e+00 0.0000000e+00 0.0000000e+00)) ((1.9022420e+00 5.5963795e-01 4.4656535e-01) (3.0673675e-05 8.0493759e-05 -1.3119975e-04) (0.0000000e+00 0.0000000e+00 0.0000000e+00))
2376          	((9.4896737e+00 -3.0386016e+01 -8.0947852e+00) (1.0714757e-03 -3.2743563e-04 -3.5006112e-04) (0.0000000e+00 0.0000000e+00 0.0000000e+00)) ((1.9031994e+00 5.5974162e-01 4.4664910e-01) (3.0478397e-05 8.0000582e-05 -1.3043456e-04) (0.0000000e+00 0.0000000e+00 0.0000000e+00))
2377          	((9.4955493e+00 -3.0393070e+01 -8.0615289e+00) (1.0736324e-03 -3.2725789e-04 -3.5407458e-04) (0.0000000e+00 0.0000000e+00 0.0000000e+00)) ((1.9047295e+00 5.6757412e-01 4.4699393e-01) (3.0331198e-05 8.0225006e-05 -1.2984802e-04) (0.0000000e+00 0.0000000e+00 0.0000000e+00))
2378          	((9.4920899e+00 -3.0396459e+01 -8.0092884e+00) (1.0795646e-03 -3.2687787e-04 -3.5093023e-04) (0.0000000e+00 0.0000000e+00 0.0000000e+00)) ((1.9065267e+00 5.5908184e-01 4.4645480e-01) (3.0416738e-05 7.9906181e-05 -1.2973577e-04) (0.0000000e+00 0.0000000e+00 0.0000000e+00))
2379          	((9.4888551e+00 -3.0390622e+01 -8.0323104e+00) (1.0834570e-03 -3.2151264e-04 -3.4749457e-04) (0.0000000e+00 0.0000000e+00 0.0000000e+00)) ((1.9053936e+00 5.6619883e-01 4.4659287e-01) (3.0167397e-05 8.0532871e-05 -1.2964919e-04) (0.0000000e+00 0.0000000e+00 0.0000000e+00))
2380          	((9.4955588e+00 -3.0384589e+01 -8.1246149e+00) (1.0897673e-03 -3.2274802e-04 -3.5058414e-04) (0.0000000e+00 0.0000000e+00 0.0000000e+00)) ((1.9021560e+00 5.6688311e-01 4.4692672e-01) (3.0116927e-05 8.1696607e-05 -1.2947918e-04) (0.0000000e+00 0.0000000e+00 0.0000000e+00))
2381          	((9.4961409e+00 -3.0380636e+01 -8.1251616e+00) (1.0969543e-03 -3.1962093e-04 -3.5240586e-04) (0.0000000e+00 0.0000000e+00 0.0000000e+00)) ((1.9019242e+00 5.6777548e-01 4.4713102e-01) (2.9803691e-05 8.2823171e-05 -1.2897856e-04) (0.0000000e+00 0.0000000e+00 0.0000000e+00))
2382          	((9.4928526e+00 -3.0383212e+01 -8.0496944e+00) (1.1078055e-03 -3.1472725e-04 -3.4188319e-04) (0.0000000e+00 0.0000000e+00 0.0000000e+00)) ((1.9044096e+00 5.6038263e-01 4.4660170e-01) (2.9796058e-05 8.3136720e-05 -1.2858074e-04) (0.0000000e+00 0.0000000e+00 0.0000000e+00))
2383          	((9.6491845e+00 -3.0445045e+01 -7.6881566e+00) (1.1007413e-03 -3.3539551e-04 -3.2662409e-04) (0.0000000e+00 0.0000000e+00 0.0000000e+00)) ((1.9188790e+00 6.1674759e-01 4.5102743e-01) (3.2049861e-05 8.2999518e-05 -1.2369258e-04) (0.0000000e+00 0.0000000e+00 0.0000000e+00))
2384          	((9.5368411e+00 -3.0395715e+01 -8.0114147e+00) (1.0968861e-03 -3.4767697e-04 -3.1762987e-04) (0.0000000e+00 0.0000000e+00 0.0000000e+00)) ((1.9064123e+00 5.7746221e-01 4.4745726e-01) (3.3188111e-05 8.3829967e-05 -1.2119451e-04) (0.0000000e+00 0.0000000e+00 0.0000000e+00))
2385          	((9.4895313e+00 -3.0376761e+01 -8.2049116e+00) (1.1002376e-03 -3.4862348e-04 -3.2571043e-04) (0.0000000e+00 0.0000000e+00 0.0000000e+00)) ((1.8994080e+00 5.6031967e-01 4.4645760e-01) (3.2873510e-05 8.4475542e-05 -1.2117413e-04) (0.0000000e+00 0.0000000e+00 0.0000000e+00))
2386          	((9.5081767e+00 -3.0379478e+01 -8.1585096e+00) (1.1087556e-03 -3.4619075e-04 -3.3225048e-04) (0.0000000e+00 0.0000000e+00 0.0000000e+00)) ((1.9009305e+00 5.6575752e-01 4.4704101e-01) (3.2379356e-05 8.4768201e-05 -1.2199764e-04) (0.0000000e+00 0.0000000e+00 0.0000000e+00))
2387          	((9.5133914e+00 -3.0384608e+01 -8.0399737e+00) (1.1147583e-03 -3.3685686e-04 -3.2647320e-04) (0.0000000e+00 0.0000000e+00 0.0000000e+00)) ((1.9048185e+00 5.7090004e-01 4.4750832e-01) (3.1908855e-05 8.4937173e-05 -1.2176541e-04) (0.0000000e+00 0.0000000e+00 0.0000000e+00))
2388          	((9.5165593e+00 -3.0382368e+01 -7.9658852e+00) (1.1241016e-03 -3.1830021e-04 -3.0951412e-04) (0.0000000e+00 0.0000000e+00 0.0000000e+00)) ((1.9068908e+00 5.6864097e-01 4.4723142e-01) (3.1222585e-05 8.4791896e-05 -1.2156296e-04) (0.0000000e+00 0.0000000e+00 0.0000000e+00))
2389          	((9.4968842e+00 -3.0381204e+01 -8.0230473e+00) (1.1325450e-03 -2.9931033e-04 -3.0021995e-04) (0.0000000e+00 0.0000000e+00 0.0000000e+00)) ((1.9051526e+00 5.6220163e-01 4.4666263e-01) (3.0239040e-05 8.4703190e-05 -1.2147844e-04) (0.0000000e+00 0.0000000e+00 0.0000000e+00))
2390          	((9.4856039e+00 -3.0384635e+01 -8.0444976e+00) (1.1401923e-03 -2.8905089e-04 -2.9716767e-04) (0.0000000e+00 0.0000000e+00 0.0000000e+00)) ((1.9048084e+00 5.5689720e-01 4.4616361e-01) (2.9570128e-05 8.4701664e-05 -1.2208232e-04) (0.0000000e+00 0.0000000e+00 0.0000000e+00))
2391          	((9.4869894e+00 -3.0376692e+01 -8.1232345e+00) (1.1451467e-03 -2.8254763e-04 -3.0221431e-04) (0.0000000e+00 0.0000000e+00 0.0000000e+00)) ((1.9018545e+00 5.6334204e-01 4.4648298e-01) (2.8864859e-05 8.5546506e-05 -1.2286194e-04) (0.0000000e+00 0.0000000e+00 0.0000000e+00))
2392          	((9.4928165e+00 -3.0372433e+01 -8.1153936e+00) (1.1541143e-03 -2.7494289e-04 -3.0476024e-04) (0.0000000e+00 0.0000000e+00 0.0000000e+00)) ((1.9018188e+00 5.6095702e-01 4.4650363e-01) (2.8192311e-05 8.6234619e-05 -1.2373777e-04) (0.0000000e+00 0.0000000e+00 0.0000000e+00))
2393          	((9.6903840e+00 -3.0438461e+01 -7.7115908e+00) (1.1491624e-03 -2.8890558e-04 -3.0091044e-04) (0.0000000e+00 0.0000000e+00 0.0000000e+00)) ((1.9179951e+00 6.3657146e-01 4.5263611e-01) (2.9572949e-05 8.7354352e-05 -1.2034332e-04) (0.0000000e+00 0.0000000e+00 0.0000000e+00))
2394          	((9.5667159e+00 -3.0407659e+01 -7.8012589e+00) (1.1506106e-03 -2.9241251e-04 -2.8076271e-04) (0.0000000e+00 0.0000000e+00 0.0000000e+00)) ((1.9138658e+00 5.8990921e-01 4.4834678e-01) (3.0495519e-05 8.8148775e-05 -1.1891225e-04) (0.0000000e+00 0.0000000e+00 0.0000000e+00))
2395          	((9.4830055e+00 -3.0393367e+01 -7.9759679e+00) (1.1573365e-03 -2.8452972e-04 -2.7386892e-04) (0.0000000e+00 0.0000000e+00 0.0000000e+00)) ((1.9075442e+00 5.5294009e-01 4.4565921e-01) (3.0087157e-05 8.7171073e-05 -1.1983897e-04) (0.0000000e+00 0.0000000e+00 0.0000000e+00))
2396          	((9.5137851e+00 -3.0383639e+01 -8.0764986e+00) (1.1627968e-03 -2.7847311e-04 -2.8603583e-04) (0.0000000e+00 0.0000000e+00 0.0000000e+00)) ((1.9037806e+00 5.6870184e-01 4.4706793e-01) (2.9178773e-05 8.6873360e-05 -1.2151439e-04) (0.0000000e+00 0.0000000e+00 0.0000000e+00))
2397          	((9.5180428e+00 -3.0381151e+01 -8.1087625e+00) (1.1687093e-03 -2.7590814e-04 -3.0327711e-04) (0.0000000e+00 0.0000000e+00 0.0000000e+00)) ((1.9025702e+00 5.7015591e-01 4.4742901e-01) (2.8378947e-05 8.6781433e-05 -1.2281618e-04) (0.0000000e+00 0.0000000e+00 0.0000000e+00))
2398          	((9.5163904e+00 -3.0380514e+01 -8.0802191e+00) (1.1766991e-03 -2.7080143e-04 -3.1284958e-04) (0.0000000e+00 0.0000000e+00 0.0000000e+00)) ((1.9033351e+00 5.6378779e-01 4.4708659e-01) (2.7672401e-05 8.5956613e-05 -1.2438274e-04) (0.0000000e+00 0.0000000e+00 0.0000000e+00))
2399          	((9.5031128e+00 -3.0378995e+01 -8.0923506e+00) (1.1789064e-03 -2.6350770e-04 -3.2134319e-04) (0.0000000e+00 0.0000000e+00 0.0000000e+00)) ((1.9028825e+00 5.7042725e-01 4.4698587e-01) (2.6854627e-05 8.6162317e-05 -1.2607344e-04) (0.0000000e+00 0.0000000e+00 0.0000000e+00))
2400          	((9.5118872e+00 -3.0372572e+01 -8.1062876e+00) (1.1836829e-03 -2.5583519e-04 -3.2707022e-04) (0.0000000e+00 0.0000000e+00 0.0000000e+00)) ((1.9020078e+00 5.6982748e-01 4.4707532e-01) (2.6103556e-05 8.6515475e-05 -1.2817967e-04) (0.0000000e+00 0.0000000e+00 0.0000000e+00))
2401          	((9.5046512e+00 -3.0366158e+01 -8.1226928e+00) (1.1847101e-03 -2.4211282e-04 -3.3256895e-04) (0.0000000e+00 0.0000000e+00 0.0000000e+00)) ((1.9010780e+00 5.7490084e-01 4.4703651e-01) (2.4971226e-05 8.7322439e-05 -1.3032545e-04) (0.0000000e+00 0.0000000e+00 0.0000000e+00))
2402          	((9.4815258e+00 -3.0382171e+01 -8.0055519e+00) (1.1845834e-03 -2.3025248e-04 -3.2848318e-04) (0.0000000e+00 0.0000000e+00 0.0000000e+00)) ((1.9059854e+00 5.5939244e-01 4.4614402e-01) (2.4285498e-05 8.6963475e-05 -1.3199559e-04) (0.0000000e+00 0.0000000e+00 0.0000000e+00))
2403          	((9.6563621e+00 -3.0446846e+01 -7.5530954e+00) (1.1737398e-03 -2.4176602e-04 -3.0891710e-04) (0.0000000e+00 0.0000000e+00 0.0000000e+00)) ((1.9233864e+00 6.1220693e-01 4.5087997e-01) (2.6045302e-05 8.5240390e-05 -1.2900402e-04) (0.0000000e+00 0.0000000e+00 0.0000000e+00))
2404          	((9.5325791e+00 -3.0399946e+01 -7.9313829e+00) (1.1681000e-03 -2.5108168e-04 -3.0062587e-04) (0.0000000e+00 0.0000000e+00 0.0000000e+00)) ((1.9092011e+00 5.6855964e-01 4.4728112e-01) (2.6955839e-05 8.4527604e-05 -1.2753801e-04) (0.0000000e+00 0.0000000e+00 0.0000000e+00))
2405          	((9.4948566e+00 -3.0379642e+01 -8.1023147e+00) (1.1730649e-03 -2.5169780e-04 -3.0853469e-04) (0.0000000e+00 0.0000000e+00 0.0000000e+00)) ((1.9027091e+00 5.5438971e-01 4.4632232e-01) (2.6612069e-05 8.3895804e-05 -1.2948381e-04) (0.0000000e+00 0.0000000e+00 0.0000000e+00))
2406          	((9.4866708e+00 -3.0378848e+01 -8.1266960e+00) (1.1748819e-03 -2.5046843e-04 -3.2312330e-04) (0.0000000e+00 0.0000000e+00 0.0000000e+00)) ((1.9018959e+00 5.6075004e-01 4.4651649e-01) (2.5936644e-05 8.3816863e-05 -1.3205917e-04) (0.0000000e+00 0.0000000e+00 0.0000000e+00))
2407          	((9.5019094e+00 -3.0376790e+01 -8.1367551e+00) (1.1776082e-03 -2.5253718e-04 -3.3602225e-04) (0.0000000e+00 0.0000000e+00 0.0000000e+00)) ((1.9013225e+00 5.6531029e-01 4.4704480e-01) (2.5580825e-05 8.3902512e-05 -1.3473280e-04) (0.0000000e+00 0.0000000e+00 0.0000000e+00))
2408          	((9.5128618e+00 -3.0383194e+01 -8.0347619e+00) (1.1802230e-03 -2.4894146e-04 -3.3853404e-04) (0.0000000e+00 0.0000000e+00 0.0000000e+00)) ((1.9049451e+00 5.7592820e-01 4.4767106e-01) (2.5229106e-05 8.4547688e-05 -1.3718239e-04) (0.0000000e+00 0.0000000e+00 0.0000000e+00))
2409          	((9.5399936e+00 -3.0396336e+01 -7.8574654e+00) (1.1860355e-03 -2.4061550e-04 -3.2371634e-04) (0.0000000e+00 0.0000000e+00 0.0000000e+00)) ((1.9113199e+00 5.8836686e-01 4.4825165e-01) (2.5165513e-05 8.5684189e-05 -1.4004011e-04) (0.0000000e+00 0.0000000e+00 0.0000000e+00))
2410          	((9.5230192e+00 -3.0386096e+01 -8.0097939e+00) (1.1859995e-03 -2.3834844e-04 -3.2091637e-04) (0.0000000e+00 0.0000000e+00 0.0000000e+00)) ((1.9059018e+00 5.8405485e-01 4.4798989e-01) (2.5105530e-05 8.6962897e-05 -1.4212276e-04) (0.0000000e+00 0.0000000e+00 0.0000000e+00))
2411          	((9.4988276e+00 -3.0385113e+01 -8.0821067e+00) (1.1886548e-03 -2.4496164e-04 -3.2571514e-04) (0.0000000e+00 0.0000000e+00 0.0000000e+00)) ((1.9036206e+00 5.6175638e-01 4.4700251e-01) (2.5323276e-05 8.6483027e-05 -1.4398254e-04) (0.0000000e+00 0.0000000e+00 0.0000000e+00))
2412          	((9.4952504e+00 -3.0384561e+01 -8.0926475e+00) (1.1909595e-03 -2.4880040e-04 -3.3276513e-04) (0.0000000e+00 0.0000000e+00 0.0000000e+00)) ((1.9033160e+00 5.6213616e-01 4.4686888e-01) (2.5261308e-05 8.5813575e-05 -1.4600614e-04) (0.0000000e+00 0.0000000e+00 0.0000000e+00))
2413          	((9.4965761e+00 -3.0375638e+01 -8.1106127e+00) (1.1946140e-03 -2.5133116e-04 -3.3672271e-04) (0.0000000e+00 0.0000000e+00 0.0000000e+00)) ((1.9020992e+00 5.6403578e-01 4.4686186e-01) (2.5245103e-05 8.5697228e-05 -1.4811371e-04) (0.0000000e+00 0.0000000e+00 0.0000000e+00))
2414          	((9.6553949e+00 -3.0444217e+01 -7.6256526e+00) (1.1845879e-03 -2.7073569e-04 -3.2387603e-04) (0.0000000e+00 0.0000000e+00 0.0000000e+00)) ((1.9209965e+00 6.1837486e-01 4.5129540e-01) (2.7331035e-05 8.4872871e-05 -1.4593229e-04) (0.0000000e+00 0.0000000e+00 0.0000000e+00))
2415          	((9.5248337e+00 -3.0412490e+01 -7.8187656e+00) (1.1740923e-03 -2.8316415e-04 -3.0494856e-04) (0.0000000e+00 0.0000000e+00 0.0000000e+00)) ((1.9136140e+00 5.6602149e-01 4.4701722e-01) (2.8833675e-05 8.3550089e-05 -1.4448154e-04) (0.0000000e+00 0.0000000e+00 0.0000000e+00))
2416          	((9.4806393e+00 -3.0392859e+01 -8.0682839e+00) (1.1699546e-03 -2.8978430e-04 -3.1120017e-04) (0.0000000e+00 0.0000000e+00 0.0000000e+00)) ((1.9046727e+00 5.5092929e-01 4.4595880e-01) (2.8987851e-05 8.2332417e-05 -1.4531498e-04) (0.0000000e+00 0.0000000e+00 0.0000000e+00))
2417          	((9.4968559e+00 -3.0385828e+01 -8.0909609e+00) (1.1693715e-03 -2.9486865e-04 -3.2600840e-04) (0.0000000e+00 0.0000000e+00 0.0000000e+00)) ((1.9033707e+00 5.6301736e-01 4.4653488e-01) (2.8767984e-05 8.2007322e-05 -1.4738640e-04) (0.0000000e+00 0.0000000e+00 0.0000000e+00))
2418          	((9.5084573e+00 -3.0387214e+01 -8.0906961e+00) (1.1654032e-03 -2.9985577e-04 -3.4092979e-04) (0.0000000e+00 0.0000000e+00 0.0000000e+00)) ((1.9034273e+00 5.7592182e-01 4.4735126e-01) (2.8598850e-05 8.2681411e-05 -1.4895686e-04) (0.0000000e+00 0.0000000e+00 0.0000000e+00))
2419          	((9.4890671e+00 -3.0396045e+01 -8.0356377e+00) (1.1647718e-03 -3.0924666e-04 -3.4590318e-04) (0.0000000e+00 0.0000000e+00 0.0000000e+00)) ((1.9056758e+00 5.5882689e-01 4.4628166e-01) (2.9049892e-05 8.2109031e-05 -1.5030908e-04) (0.0000000e+00 0.0000000e+00 0.0000000e+00))
2420          	((9.4748968e+00 -3.0399772e+01 -8.0385994e+00) (1.1672288e-03 -3.1918189e-04 -3.4675538e-04) (0.0000000e+00 0.0000000e+00 0.0000000e+00)) ((1.9058125e+00 5.4761962e-01 4.4562120e-01) (2.9651607e-05 8.0686626e-05 -1.5161713e-04) (0.0000000e+00 0.0000000e+00 0.0000000e+00))
2421          	((9.4977261e+00 -3.0398597e+01 -8.0004815e+00) (1.1698412e-03 -3.2362268e-04 -3.4666087e-04) (0.0000000e+00 0.0000000e+00 0.0000000e+00)) ((1.9069647e+00 5.6836600e-01 4.4670910e-01) (2.9954054e-05 8.1147587e-05 -1.5321060e-04) (0.0000000e+00 0.0000000e+00 0.0000000e+00))
2422          	((9.4928365e+00 -3.0388271e+01 -8.0801134e+00) (1.1663982e-03 -3.2672711e-04 -3.5215397e-04) (0.0000000e+00 0.0000000e+00 0.0000000e+00)) ((1.9037730e+00 5.7543767e-01 4.4688029e-01) (3.0017532e-05 8.3008906e-05 -1.5416689e-04) (0.0000000e+00 0.0000000e+00 0.0000000e+00))
2423          	((9.5015284e+00 -3.0384636e+01 -8.0492884e+00) (1.1627768e-03 -3.2735183e-04 -3.5139450e-04) (0.0000000e+00 0.0000000e+00 0.0000000e+00)) ((1.9044548e+00 5.7776227e-01 4.4701096e-01) (3.0119598e-05 8.4668627e-05 -1.5495398e-04) (0.0000000e+00 0.0000000e+00 0.0000000e+00))
2424          	((9.6488485e+00 -3.0453041e+01 -7.6251927e+00) (1.1499016e-03 -3.5166204e-04 -3.3584421e-04) (0.0000000e+00 0.0000000e+00 0.0000000e+00)) ((1.9213016e+00 6.1388751e-01 4.5075883e-01) (3.2682878e-05 8.3689974e-05 -1.5039341e-04) (0.0000000e+00 0.0000000e+00 0.0000000e+00))
2425          	((9.5079084e+00 -3.0411619e+01 -7.9007825e+00) (1.1400501e-03 -3.6461253e-04 -3.2195913e-04) (0.0000000e+00 0.0000000e+00 0.0000000e+00)) ((1.9108235e+00 5.5823031e-01 4.4632575e-01) (3.4068291e-05 8.2093651e-05 -1.4722697e-04) (0.0000000e+00 0.0000000e+00 0.0000000e+00))
2426          	((9.4646027e+00 -3.0397791e+01 -8.0514534e+00) (1.1344374e-03 -3.6595620e-04 -3.2559823e-04) (0.0000000e+00 0.0000000e+00 0.0000000e+00)) ((1.9054456e+00 5.5176652e-01 4.4541728e-01) (3.3979447e-05 8.1567751e-05 -1.4688491e-04) (0.0000000e+00 0.0000000e+00 0.0000000e+00))
2427          	((9.4695848e+00 -3.0393832e+01 -8.0990365e+00) (1.1315950e-03 -3.7217370e-04 -3.3699549e-04) (0.0000000e+00 0.0000000e+00 0.0000000e+00)) ((1.9035818e+00 5.5444836e-01 4.4568409e-01) (3.3959898e-05 8.1477743e-05 -1.4729491e-04) (0.0000000e+00 0.0000000e+00 0.0000000e+00))
2428          	((9.4882793e+00 -3.0396607e+01 -8.1262193e+00) (1.1298400e-03 -3.8187165e-04 -3.5294680e-04) (0.0000000e+00 0.0000000e+00 0.0000000e+00)) ((1.9029278e+00 5.6811005e-01 4.4672112e-01) (3.4062717e-05 8.2288860e-05 -1.4765348e-04) (0.0000000e+00 0.0000000e+00 0.0000000e+00))
2429          	((9.5093306e+00 -3.0400690e+01 -7.9852707e+00) (1.1329589e-03 -3.8434491e-04 -3.5143786e-04) (0.0000000e+00 0.0000000e+00 0.0000000e+00)) ((1.9074996e+00 5.7558555e-01 4.4721762e-01) (3.4293808e-05 8.3234590e-05 -1.4803300e-04) (0.0000000e+00 0.0000000e+00 0.0000000e+00))
2430          	((9.5041813e+00 -3.0402977e+01 -7.9931138e+00) (1.1355276e-03 -3.8374258e-04 -3.4686156e-04) (0.0000000e+00 0.0000000e+00 0.0000000e+00)) ((1.9074670e+00 5.7335827e-01 4.4717791e-01) (3.4435149e-05 8.4119088e-05 -1.4765335e-04) (0.0000000e+00 0.0000000e+00 0.0000000e+00))
2431          	((9.4949975e+00 -3.0395203e+01 -8.0644652e+00) (1.1400479e-03 -3.8307732e-04 -3.4618961e-04) (0.0000000e+00 0.0000000e+00 0.0000000e+00)) ((1.9046527e+00 5.6141135e-01 4.4651362e-01) (3.4401301e-05 8.4081241e-05 -1.4734256e-04) (0.0000000e+00 0.0000000e+00 0.0000000e+00))
2432          	((9.4789957e+00 -3.0388817e+01 -8.1304663e+00) (1.1414401e-03 -3.8138573e-04 -3.5203119e-04) (0.0000000e+00 0.0000000e+00 0.0000000e+00)) ((1.9022385e+00 5.5958523e-01 4.4628430e-01) (3.4060693e-05 8.4202493e-05 -1.4679833e-04) (0.0000000e+00 0.0000000e+00 0.0000000e+00))
2433          	((9.4865238e+00 -3.0384803e+01 -8.1214579e+00) (1.1419105e-03 -3.8212538e-04 -3.5458237e-04) (0.0000000e+00 0.0000000e+00 0.0000000e+00)) ((1.9022156e+00 5.6712916e-01 4.4643755e-01) (3.3984032e-05 8.5095160e-05 -1.4666829e-04) (0.0000000e+00 0.0000000e+00 0.0000000e+00))
2434          	((9.4691302e+00 -3.0385418e+01 -8.1114104e+00) (1.1420311e-03 -3.8195541e-04 -3.5372996e-04) (0.0000000e+00 0.0000000e+00 0.0000000e+00)) ((1.9026678e+00 5.5978371e-01 4.4580196e-01) (3.3978432e-05 8.5755662e-05 -1.4624815e-04) (0.0000000e+00 0.0000000e+00 0.0000000e+00))
2435          	((9.6098304e+00 -3.0453782e+01 -7.6643436e+00) (1.1357252e-03 -4.0583446e-04 -3.3618388e-04) (0.0000000e+00 0.0000000e+00 0.0000000e+00)) ((1.9201256e+00 5.9552097e-01 4.4905712e-01) (3.6508159e-05 8.4233255e-05 -1.4191339e-04) (0.0000000e+00 0.0000000e+00 0.0000000e+00))
2436          	((9.5230273e+00 -3.0413825e+01 -7.8802990e+00) (1.1314602e-03 -4.1316903e-04 -3.1684823e-04) (0.0000000e+00 0.0000000e+00 0.0000000e+00)) ((1.9115997e+00 5.7142934e-01 4.4674823e-01) (3.7680866e-05 8.4375664e-05 -1.3882876e-04) (0.0000000e+00 0.0000000e+00 0.0000000e+00))
