# Forces      
# CofR        : (0.0000000e+00 0.0000000e+00 0.0000000e+00)
# Time        forces(pressure viscous porous) moment(pressure viscous porous)
2252          	((-3.4988749e+00 -4.2322425e+01 -8.1002604e+00) (-6.8799739e-03 1.8617060e-03 1.9642450e-03) (0.0000000e+00 0.0000000e+00 0.0000000e+00)) ((8.0815433e-03 -9.1251433e-02 -5.6954574e-03) (2.6601126e-04 -1.5626736e-04 1.0939430e-03) (0.0000000e+00 0.0000000e+00 0.0000000e+00))
2253          	((-3.4990804e+00 -4.2322351e+01 -8.0977334e+00) (-6.8757604e-03 1.8620749e-03 1.9627073e-03) (0.0000000e+00 0.0000000e+00 0.0000000e+00)) ((8.3805107e-03 -9.1295023e-02 -5.6726509e-03) (2.6579834e-04 -1.5619217e-04 1.0933800e-03) (0.0000000e+00 0.0000000e+00 0.0000000e+00))
2254          	((-3.4994432e+00 -4.2322476e+01 -8.1060429e+00) (-6.8730209e-03 1.8623010e-03 1.9605389e-03) (0.0000000e+00 0.0000000e+00 0.0000000e+00)) ((7.4021339e-03 -9.1259354e-02 -5.6367818e-03) (2.6550318e-04 -1.5612752e-04 1.0930161e-03) (0.0000000e+00 0.0000000e+00 0.0000000e+00))
2255          	((-3.4996739e+00 -4.2322244e+01 -8.1071810e+00) (-6.8709957e-03 1.8624078e-03 1.9580533e-03) (0.0000000e+00 0.0000000e+00 0.0000000e+00)) ((7.2542898e-03 -9.1274798e-02 -5.6170233e-03) (2.6517338e-04 -1.5606815e-04 1.0927497e-03) (0.0000000e+00 0.0000000e+00 0.0000000e+00))
2256          	((-3.5018300e+00 -4.2320703e+01 -8.0961934e+00) (-6.8737758e-03 1.8626403e-03 1.9574842e-03) (0.0000000e+00 0.0000000e+00 0.0000000e+00)) ((8.5180836e-03 -9.1293358e-02 -5.3754625e-03) (2.6509945e-04 -1.5609849e-04 1.0931494e-03) (0.0000000e+00 0.0000000e+00 0.0000000e+00))
2257          	((-3.5002629e+00 -4.2320663e+01 -8.0940403e+00) (-6.8746178e-03 1.8630465e-03 1.9578429e-03) (0.0000000e+00 0.0000000e+00 0.0000000e+00)) ((8.7953204e-03 -9.1329248e-02 -5.5301581e-03) (2.6513990e-04 -1.5610738e-04 1.0932991e-03) (0.0000000e+00 0.0000000e+00 0.0000000e+00))
2258          	((-3.4988429e+00 -4.2321524e+01 -8.0984778e+00) (-6.8713419e-03 1.8630973e-03 1.9575479e-03) (0.0000000e+00 0.0000000e+00 0.0000000e+00)) ((8.2963933e-03 -9.1268439e-02 -5.6853080e-03) (2.6509541e-04 -1.5603762e-04 1.0928826e-03) (0.0000000e+00 0.0000000e+00 0.0000000e+00))
2259          	((-3.4997712e+00 -4.2322431e+01 -8.1074106e+00) (-6.8688544e-03 1.8626335e-03 1.9558749e-03) (0.0000000e+00 0.0000000e+00 0.0000000e+00)) ((7.2489437e-03 -9.1240555e-02 -5.6101524e-03) (2.6487944e-04 -1.5596682e-04 1.0925640e-03) (0.0000000e+00 0.0000000e+00 0.0000000e+00))
2260          	((-3.5012748e+00 -4.2323449e+01 -8.0989433e+00) (-6.8708653e-03 1.8611764e-03 1.9548377e-03) (0.0000000e+00 0.0000000e+00 0.0000000e+00)) ((8.2734975e-03 -9.1192297e-02 -5.4335121e-03) (2.6477642e-04 -1.5597497e-04 1.0928716e-03) (0.0000000e+00 0.0000000e+00 0.0000000e+00))
2261          	((-3.5000774e+00 -4.2323314e+01 -8.1079893e+00) (-6.8708960e-03 1.8599621e-03 1.9535002e-03) (0.0000000e+00 0.0000000e+00 0.0000000e+00)) ((7.2049999e-03 -9.1261984e-02 -5.5816440e-03) (2.6462206e-04 -1.5595946e-04 1.0928988e-03) (0.0000000e+00 0.0000000e+00 0.0000000e+00))
2262          	((-3.4998829e+00 -4.2320423e+01 -8.1080146e+00) (-6.8692566e-03 1.8597217e-03 1.9520345e-03) (0.0000000e+00 0.0000000e+00 0.0000000e+00)) ((7.1154064e-03 -9.1253006e-02 -5.5978861e-03) (2.6443436e-04 -1.5591973e-04 1.0926905e-03) (0.0000000e+00 0.0000000e+00 0.0000000e+00))
2263          	((-3.5001016e+00 -4.2320465e+01 -8.0993052e+00) (-6.8676839e-03 1.8591757e-03 1.9520548e-03) (0.0000000e+00 0.0000000e+00 0.0000000e+00)) ((8.1536948e-03 -9.1282783e-02 -5.5647898e-03) (2.6445208e-04 -1.5589189e-04 1.0925018e-03) (0.0000000e+00 0.0000000e+00 0.0000000e+00))
2264          	((-3.5009468e+00 -4.2321804e+01 -8.0953246e+00) (-6.8687611e-03 1.8578828e-03 1.9530443e-03) (0.0000000e+00 0.0000000e+00 0.0000000e+00)) ((8.6772553e-03 -9.1192557e-02 -5.4618098e-03) (2.6461278e-04 -1.5590302e-04 1.0926835e-03) (0.0000000e+00 0.0000000e+00 0.0000000e+00))
2265          	((-3.5004696e+00 -4.2321132e+01 -8.0996268e+00) (-6.8697346e-03 1.8570151e-03 1.9534777e-03) (0.0000000e+00 0.0000000e+00 0.0000000e+00)) ((8.1592498e-03 -9.1148826e-02 -5.5122915e-03) (2.6469089e-04 -1.5590369e-04 1.0928558e-03) (0.0000000e+00 0.0000000e+00 0.0000000e+00))
2266          	((-3.4991151e+00 -4.2319885e+01 -8.1027500e+00) (-6.8674950e-03 1.8566766e-03 1.9531955e-03) (0.0000000e+00 0.0000000e+00 0.0000000e+00)) ((7.7522704e-03 -9.1127197e-02 -5.6560038e-03) (2.6466223e-04 -1.5584888e-04 1.0925842e-03) (0.0000000e+00 0.0000000e+00 0.0000000e+00))
2267          	((-3.5004125e+00 -4.2319558e+01 -8.1119262e+00) (-6.8667945e-03 1.8563775e-03 1.9518977e-03) (0.0000000e+00 0.0000000e+00 0.0000000e+00)) ((6.6411896e-03 -9.1115658e-02 -5.5419869e-03) (2.6449618e-04 -1.5581536e-04 1.0925025e-03) (0.0000000e+00 0.0000000e+00 0.0000000e+00))
2268          	((-3.5002931e+00 -4.2318611e+01 -8.1094176e+00) (-6.8663732e-03 1.8559006e-03 1.9506997e-03) (0.0000000e+00 0.0000000e+00 0.0000000e+00)) ((6.9038764e-03 -9.1162683e-02 -5.5520907e-03) (2.6435281e-04 -1.5579837e-04 1.0924583e-03) (0.0000000e+00 0.0000000e+00 0.0000000e+00))
2269          	((-3.4999009e+00 -4.2319611e+01 -8.1071429e+00) (-6.8649279e-03 1.8548472e-03 1.9504119e-03) (0.0000000e+00 0.0000000e+00 0.0000000e+00)) ((7.2041084e-03 -9.1171463e-02 -5.5919780e-03) (2.6433985e-04 -1.5577256e-04 1.0922716e-03) (0.0000000e+00 0.0000000e+00 0.0000000e+00))
2270          	((-3.5000998e+00 -4.2320344e+01 -8.0962420e+00) (-6.8644688e-03 1.8530695e-03 1.9516868e-03) (0.0000000e+00 0.0000000e+00 0.0000000e+00)) ((8.5227997e-03 -9.1046667e-02 -5.5412556e-03) (2.6455135e-04 -1.5575701e-04 1.0922355e-03) (0.0000000e+00 0.0000000e+00 0.0000000e+00))
2271          	((-3.5006784e+00 -4.2319581e+01 -8.1049315e+00) (-6.8652407e-03 1.8518861e-03 1.9525385e-03) (0.0000000e+00 0.0000000e+00 0.0000000e+00)) ((7.4839914e-03 -9.1039984e-02 -5.5000925e-03) (2.6468910e-04 -1.5575167e-04 1.0923583e-03) (0.0000000e+00 0.0000000e+00 0.0000000e+00))
2272          	((-3.4995723e+00 -4.2319504e+01 -8.1090532e+00) (-6.8639076e-03 1.8510660e-03 1.9521108e-03) (0.0000000e+00 0.0000000e+00 0.0000000e+00)) ((6.9856624e-03 -9.0990010e-02 -5.6208618e-03) (2.6465102e-04 -1.5570523e-04 1.0921816e-03) (0.0000000e+00 0.0000000e+00 0.0000000e+00))
2273          	((-3.4998032e+00 -4.2318078e+01 -8.1037189e+00) (-6.8625950e-03 1.8503976e-03 1.9523753e-03) (0.0000000e+00 0.0000000e+00 0.0000000e+00)) ((7.5695894e-03 -9.0931477e-02 -5.5847551e-03) (2.6470265e-04 -1.5565943e-04 1.0920096e-03) (0.0000000e+00 0.0000000e+00 0.0000000e+00))
2274          	((-3.5008289e+00 -4.2319278e+01 -8.0992399e+00) (-6.8638343e-03 1.8492099e-03 1.9535088e-03) (0.0000000e+00 0.0000000e+00 0.0000000e+00)) ((8.1401576e-03 -9.0910888e-02 -5.4728104e-03) (2.6487814e-04 -1.5566158e-04 1.0921852e-03) (0.0000000e+00 0.0000000e+00 0.0000000e+00))
2275          	((-3.5000869e+00 -4.2320605e+01 -8.1036009e+00) (-6.8643557e-03 1.8477571e-03 1.9540105e-03) (0.0000000e+00 0.0000000e+00 0.0000000e+00)) ((7.6656425e-03 -9.0870941e-02 -5.5556729e-03) (2.6497139e-04 -1.5565133e-04 1.0922543e-03) (0.0000000e+00 0.0000000e+00 0.0000000e+00))
2276          	((-3.5002450e+00 -4.2318301e+01 -8.1090168e+00) (-6.8645165e-03 1.8470756e-03 1.9536593e-03) (0.0000000e+00 0.0000000e+00 0.0000000e+00)) ((6.9524346e-03 -9.0854458e-02 -5.5464992e-03) (2.6493517e-04 -1.5563436e-04 1.0922615e-03) (0.0000000e+00 0.0000000e+00 0.0000000e+00))
2277          	((-3.4985442e+00 -4.2317218e+01 -8.1080143e+00) (-6.8611260e-03 1.8468171e-03 1.9532854e-03) (0.0000000e+00 0.0000000e+00 0.0000000e+00)) ((7.0366950e-03 -9.0834134e-02 -5.7158301e-03) (2.6488939e-04 -1.5556322e-04 1.0917832e-03) (0.0000000e+00 0.0000000e+00 0.0000000e+00))
2278          	((-3.4974130e+00 -4.2318567e+01 -8.1005628e+00) (-6.8541431e-03 1.8458819e-03 1.9540690e-03) (0.0000000e+00 0.0000000e+00 0.0000000e+00)) ((7.9609328e-03 -9.0818228e-02 -5.8301760e-03) (2.6501043e-04 -1.5543470e-04 1.0908103e-03) (0.0000000e+00 0.0000000e+00 0.0000000e+00))
2279          	((-3.4981193e+00 -4.2319497e+01 -8.1031247e+00) (-6.8480977e-03 1.8447199e-03 1.9549371e-03) (0.0000000e+00 0.0000000e+00 0.0000000e+00)) ((7.6873082e-03 -9.0787429e-02 -5.7662116e-03) (2.6514418e-04 -1.5531246e-04 1.0899523e-03) (0.0000000e+00 0.0000000e+00 0.0000000e+00))
2280          	((-3.5002338e+00 -4.2321432e+01 -8.0959878e+00) (-6.8479486e-03 1.8429691e-03 1.9561191e-03) (0.0000000e+00 0.0000000e+00 0.0000000e+00)) ((8.5813571e-03 -9.0724222e-02 -5.5331985e-03) (2.6533424e-04 -1.5528519e-04 1.0899017e-03) (0.0000000e+00 0.0000000e+00 0.0000000e+00))
2281          	((-3.4997752e+00 -4.2318351e+01 -8.1095120e+00) (-6.8485766e-03 1.8425895e-03 1.9559971e-03) (0.0000000e+00 0.0000000e+00 0.0000000e+00)) ((6.8954796e-03 -9.0731126e-02 -5.5959809e-03) (2.6531562e-04 -1.5526907e-04 1.0899437e-03) (0.0000000e+00 0.0000000e+00 0.0000000e+00))
2282          	((-3.4995489e+00 -4.2318325e+01 -8.1163073e+00) (-6.8478592e-03 1.8427856e-03 1.9543361e-03) (0.0000000e+00 0.0000000e+00 0.0000000e+00)) ((6.0719256e-03 -9.0724694e-02 -5.6375142e-03) (2.6508238e-04 -1.5523207e-04 1.0897780e-03) (0.0000000e+00 0.0000000e+00 0.0000000e+00))
2283          	((-3.4997117e+00 -4.2317788e+01 -8.1032580e+00) (-6.8471594e-03 1.8425562e-03 1.9543655e-03) (0.0000000e+00 0.0000000e+00 0.0000000e+00)) ((7.5947272e-03 -9.0725704e-02 -5.6019360e-03) (2.6508719e-04 -1.5521141e-04 1.0896247e-03) (0.0000000e+00 0.0000000e+00 0.0000000e+00))
2284          	((-3.5001877e+00 -4.2318627e+01 -8.0954538e+00) (-6.8480391e-03 1.8418955e-03 1.9562373e-03) (0.0000000e+00 0.0000000e+00 0.0000000e+00)) ((8.5570694e-03 -9.0683236e-02 -5.5342879e-03) (2.6534022e-04 -1.5522452e-04 1.0896989e-03) (0.0000000e+00 0.0000000e+00 0.0000000e+00))
2285          	((-3.5001522e+00 -4.2320849e+01 -8.0962761e+00) (-6.8492808e-03 1.8408918e-03 1.9578426e-03) (0.0000000e+00 0.0000000e+00 0.0000000e+00)) ((8.5343959e-03 -9.0640130e-02 -5.5434270e-03) (2.6556087e-04 -1.5524012e-04 1.0898194e-03) (0.0000000e+00 0.0000000e+00 0.0000000e+00))
2286          	((-3.4988140e+00 -4.2319142e+01 -8.1045641e+00) (-6.8475917e-03 1.8407254e-03 1.9579800e-03) (0.0000000e+00 0.0000000e+00 0.0000000e+00)) ((7.4982058e-03 -9.0627905e-02 -5.6925566e-03) (2.6556550e-04 -1.5520451e-04 1.0895320e-03) (0.0000000e+00 0.0000000e+00 0.0000000e+00))
2287          	((-3.4962769e+00 -4.2316998e+01 -8.1039732e+00) (-6.8398022e-03 1.8416022e-03 1.9575748e-03) (0.0000000e+00 0.0000000e+00 0.0000000e+00)) ((7.5004045e-03 -9.0600473e-02 -5.9453483e-03) (2.6547893e-04 -1.5506716e-04 1.0884156e-03) (0.0000000e+00 0.0000000e+00 0.0000000e+00))
2288          	((-3.4969311e+00 -4.2316617e+01 -8.1045479e+00) (-6.8321733e-03 1.8424955e-03 1.9574204e-03) (0.0000000e+00 0.0000000e+00 0.0000000e+00)) ((7.4165385e-03 -9.0576012e-02 -5.8773378e-03) (2.6542461e-04 -1.5492609e-04 1.0873148e-03) (0.0000000e+00 0.0000000e+00 0.0000000e+00))
2289          	((-3.4978752e+00 -4.2318603e+01 -8.1009769e+00) (-6.8269984e-03 1.8425469e-03 1.9576047e-03) (0.0000000e+00 0.0000000e+00 0.0000000e+00)) ((7.8933433e-03 -9.0668480e-02 -5.7898990e-03) (2.6543489e-04 -1.5483533e-04 1.0865409e-03) (0.0000000e+00 0.0000000e+00 0.0000000e+00))
2290          	((-3.5004225e+00 -4.2320385e+01 -8.0940215e+00) (-6.8290116e-03 1.8418541e-03 1.9587114e-03) (0.0000000e+00 0.0000000e+00 0.0000000e+00)) ((8.7657980e-03 -9.0622778e-02 -5.5093973e-03) (2.6558255e-04 -1.5487067e-04 1.0867507e-03) (0.0000000e+00 0.0000000e+00 0.0000000e+00))
2291          	((-3.4997405e+00 -4.2319352e+01 -8.0934204e+00) (-6.8313212e-03 1.8421554e-03 1.9598543e-03) (0.0000000e+00 0.0000000e+00 0.0000000e+00)) ((8.8204865e-03 -9.0683500e-02 -5.5823683e-03) (2.6571356e-04 -1.5492157e-04 1.0870126e-03) (0.0000000e+00 0.0000000e+00 0.0000000e+00))
2292          	((-3.4977397e+00 -4.2320265e+01 -8.0994261e+00) (-6.8282549e-03 1.8428139e-03 1.9597704e-03) (0.0000000e+00 0.0000000e+00 0.0000000e+00)) ((8.1285460e-03 -9.0696452e-02 -5.8109159e-03) (2.6566730e-04 -1.5488331e-04 1.0865278e-03) (0.0000000e+00 0.0000000e+00 0.0000000e+00))
2293          	((-3.4985110e+00 -4.2318127e+01 -8.1068813e+00) (-6.8252181e-03 1.8441122e-03 1.9583723e-03) (0.0000000e+00 0.0000000e+00 0.0000000e+00)) ((7.1706501e-03 -9.0692727e-02 -5.7375815e-03) (2.6543597e-04 -1.5483718e-04 1.0860438e-03) (0.0000000e+00 0.0000000e+00 0.0000000e+00))
2294          	((-3.4984791e+00 -4.2314750e+01 -8.1069740e+00) (-6.8230759e-03 1.8462655e-03 1.9568050e-03) (0.0000000e+00 0.0000000e+00 0.0000000e+00)) ((7.0571806e-03 -9.0706024e-02 -5.7229644e-03) (2.6517216e-04 -1.5480437e-04 1.0857000e-03) (0.0000000e+00 0.0000000e+00 0.0000000e+00))
2295          	((-3.4987560e+00 -4.2317213e+01 -8.1080399e+00) (-6.8220674e-03 1.8476642e-03 1.9553943e-03) (0.0000000e+00 0.0000000e+00 0.0000000e+00)) ((7.0007108e-03 -9.0669729e-02 -5.6932682e-03) (2.6494619e-04 -1.5478316e-04 1.0855119e-03) (0.0000000e+00 0.0000000e+00 0.0000000e+00))
2296          	((-3.4990292e+00 -4.2318831e+01 -8.1030186e+00) (-6.8217802e-03 1.8480187e-03 1.9547251e-03) (0.0000000e+00 0.0000000e+00 0.0000000e+00)) ((7.6362488e-03 -9.0694808e-02 -5.6668360e-03) (2.6484296e-04 -1.5477749e-04 1.0854272e-03) (0.0000000e+00 0.0000000e+00 0.0000000e+00))
2297          	((-3.4993797e+00 -4.2317921e+01 -8.0947961e+00) (-6.8221802e-03 1.8485539e-03 1.9555271e-03) (0.0000000e+00 0.0000000e+00 0.0000000e+00)) ((8.5867099e-03 -9.0786953e-02 -5.6245227e-03) (2.6492935e-04 -1.5480259e-04 1.0854500e-03) (0.0000000e+00 0.0000000e+00 0.0000000e+00))
2298          	((-3.4998241e+00 -4.2315836e+01 -8.0941122e+00) (-6.8241900e-03 1.8499164e-03 1.9567153e-03) (0.0000000e+00 0.0000000e+00 0.0000000e+00)) ((8.6195629e-03 -9.0788704e-02 -5.5640546e-03) (2.6504636e-04 -1.5485882e-04 1.0857073e-03) (0.0000000e+00 0.0000000e+00 0.0000000e+00))
2299          	((-3.4982458e+00 -4.2317073e+01 -8.0977621e+00) (-6.8232674e-03 1.8512659e-03 1.9568103e-03) (0.0000000e+00 0.0000000e+00 0.0000000e+00)) ((8.2313173e-03 -9.0765015e-02 -5.7311531e-03) (2.6501877e-04 -1.5485536e-04 1.0855700e-03) (0.0000000e+00 0.0000000e+00 0.0000000e+00))
2300          	((-3.4977533e+00 -4.2316675e+01 -8.0984017e+00) (-6.8201544e-03 1.8525287e-03 1.9563639e-03) (0.0000000e+00 0.0000000e+00 0.0000000e+00)) ((8.1391080e-03 -9.0780692e-02 -5.7864879e-03) (2.6492291e-04 -1.5480897e-04 1.0851352e-03) (0.0000000e+00 0.0000000e+00 0.0000000e+00))
2301          	((-3.4997759e+00 -4.2319625e+01 -8.1014237e+00) (-6.8214490e-03 1.8527471e-03 1.9553355e-03) (0.0000000e+00 0.0000000e+00 0.0000000e+00)) ((7.8473789e-03 -9.0734418e-02 -5.5839838e-03) (2.6477233e-04 -1.5482856e-04 1.0853017e-03) (0.0000000e+00 0.0000000e+00 0.0000000e+00))
2302          	((-3.4975881e+00 -4.2319334e+01 -8.0997209e+00) (-6.8187230e-03 1.8529371e-03 1.9540881e-03) (0.0000000e+00 0.0000000e+00 0.0000000e+00)) ((8.0416207e-03 -9.0877117e-02 -5.8235350e-03) (2.6459693e-04 -1.5479573e-04 1.0849250e-03) (0.0000000e+00 0.0000000e+00 0.0000000e+00))
2303          	((-3.4980783e+00 -4.2317607e+01 -8.1022214e+00) (-6.8151305e-03 1.8538879e-03 1.9529932e-03) (0.0000000e+00 0.0000000e+00 0.0000000e+00)) ((7.6910454e-03 -9.0926142e-02 -5.7806155e-03) (2.6442325e-04 -1.5475222e-04 1.0844179e-03) (0.0000000e+00 0.0000000e+00 0.0000000e+00))
2304          	((-3.4989627e+00 -4.2316692e+01 -8.0995244e+00) (-6.8134996e-03 1.8551981e-03 1.9520918e-03) (0.0000000e+00 0.0000000e+00 0.0000000e+00)) ((7.9869510e-03 -9.0986477e-02 -5.6839436e-03) (2.6427460e-04 -1.5474136e-04 1.0841900e-03) (0.0000000e+00 0.0000000e+00 0.0000000e+00))
2305          	((-3.4997064e+00 -4.2317280e+01 -8.0914665e+00) (-6.8148535e-03 1.8560878e-03 1.9522548e-03) (0.0000000e+00 0.0000000e+00 0.0000000e+00)) ((8.9710407e-03 -9.0954298e-02 -5.5821452e-03) (2.6427903e-04 -1.5477598e-04 1.0843889e-03) (0.0000000e+00 0.0000000e+00 0.0000000e+00))
2306          	((-3.5004108e+00 -4.2318475e+01 -8.0889036e+00) (-6.8187421e-03 1.8566240e-03 1.9528170e-03) (0.0000000e+00 0.0000000e+00 0.0000000e+00)) ((9.3247821e-03 -9.0912236e-02 -5.5012661e-03) (2.6434213e-04 -1.5484269e-04 1.0849445e-03) (0.0000000e+00 0.0000000e+00 0.0000000e+00))
2307          	((-3.4999365e+00 -4.2318114e+01 -8.0927071e+00) (-6.8216275e-03 1.8573956e-03 1.9525692e-03) (0.0000000e+00 0.0000000e+00 0.0000000e+00)) ((8.8673395e-03 -9.0965514e-02 -5.5624227e-03) (2.6428857e-04 -1.5489272e-04 1.0853605e-03) (0.0000000e+00 0.0000000e+00 0.0000000e+00))
2308          	((-3.4993753e+00 -4.2317413e+01 -8.0953930e+00) (-6.8224907e-03 1.8583588e-03 1.9514732e-03) (0.0000000e+00 0.0000000e+00 0.0000000e+00)) ((8.5238968e-03 -9.0983981e-02 -5.6270638e-03) (2.6411679e-04 -1.5491145e-04 1.0854939e-03) (0.0000000e+00 0.0000000e+00 0.0000000e+00))
2309          	((-3.4977003e+00 -4.2315522e+01 -8.0994629e+00) (-6.8192797e-03 1.8598031e-03 1.9496739e-03) (0.0000000e+00 0.0000000e+00 0.0000000e+00)) ((7.9874189e-03 -9.0982254e-02 -5.7966116e-03) (2.6384263e-04 -1.5485713e-04 1.0850750e-03) (0.0000000e+00 0.0000000e+00 0.0000000e+00))
2310          	((-3.4995810e+00 -4.2317163e+01 -8.1025920e+00) (-6.8182648e-03 1.8607500e-03 1.9475026e-03) (0.0000000e+00 0.0000000e+00 0.0000000e+00)) ((7.6556467e-03 -9.1046577e-02 -5.6227121e-03) (2.6353311e-04 -1.5483713e-04 1.0849434e-03) (0.0000000e+00 0.0000000e+00 0.0000000e+00))
2311          	((-3.5011822e+00 -4.2319178e+01 -8.0938829e+00) (-6.8221381e-03 1.8604891e-03 1.9463086e-03) (0.0000000e+00 0.0000000e+00 0.0000000e+00)) ((8.7381124e-03 -9.1050481e-02 -5.4431131e-03) (2.6338375e-04 -1.5490538e-04 1.0854903e-03) (0.0000000e+00 0.0000000e+00 0.0000000e+00))
2312          	((-3.5008136e+00 -4.2317754e+01 -8.0954737e+00) (-6.8261903e-03 1.8606888e-03 1.9456299e-03) (0.0000000e+00 0.0000000e+00 0.0000000e+00)) ((8.5221994e-03 -9.1074507e-02 -5.4830861e-03) (2.6328838e-04 -1.5497990e-04 1.0860661e-03) (0.0000000e+00 0.0000000e+00 0.0000000e+00))
2313          	((-3.5004384e+00 -4.2318227e+01 -8.0961027e+00) (-6.8288327e-03 1.8611696e-03 1.9446560e-03) (0.0000000e+00 0.0000000e+00 0.0000000e+00)) ((8.4662770e-03 -9.1026130e-02 -5.5216735e-03) (2.6314739e-04 -1.5502370e-04 1.0864462e-03) (0.0000000e+00 0.0000000e+00 0.0000000e+00))
2314          	((-3.4988373e+00 -4.2314914e+01 -8.1021549e+00) (-6.8277307e-03 1.8623974e-03 1.9430413e-03) (0.0000000e+00 0.0000000e+00 0.0000000e+00)) ((7.6553039e-03 -9.1000086e-02 -5.6813716e-03) (2.6290321e-04 -1.5499598e-04 1.0863212e-03) (0.0000000e+00 0.0000000e+00 0.0000000e+00))
2315          	((-3.4990356e+00 -4.2315833e+01 -8.1018591e+00) (-6.8253675e-03 1.8633114e-03 1.9413546e-03) (0.0000000e+00 0.0000000e+00 0.0000000e+00)) ((7.7126997e-03 -9.1048623e-02 -5.6704452e-03) (2.6265748e-04 -1.5494975e-04 1.0860176e-03) (0.0000000e+00 0.0000000e+00 0.0000000e+00))
2316          	((-3.4989287e+00 -4.2315992e+01 -8.0918502e+00) (-6.8227035e-03 1.8636037e-03 1.9412376e-03) (0.0000000e+00 0.0000000e+00 0.0000000e+00)) ((8.9047751e-03 -9.1125431e-02 -5.6735623e-03) (2.6263424e-04 -1.5491456e-04 1.0856812e-03) (0.0000000e+00 0.0000000e+00 0.0000000e+00))
2317          	((-3.4982986e+00 -4.2318397e+01 -8.0843689e+00) (-6.8185144e-03 1.8630211e-03 1.9424679e-03) (0.0000000e+00 0.0000000e+00 0.0000000e+00)) ((9.8714647e-03 -9.1199225e-02 -5.7411637e-03) (2.6279989e-04 -1.5486655e-04 1.0851368e-03) (0.0000000e+00 0.0000000e+00 0.0000000e+00))
2318          	((-3.4992066e+00 -4.2319349e+01 -8.0975564e+00) (-6.8161694e-03 1.8624252e-03 1.9421968e-03) (0.0000000e+00 0.0000000e+00 0.0000000e+00)) ((8.3332671e-03 -9.1122299e-02 -5.6695306e-03) (2.6276021e-04 -1.5482522e-04 1.0848252e-03) (0.0000000e+00 0.0000000e+00 0.0000000e+00))
2319          	((-3.5003380e+00 -4.2315721e+01 -8.0999887e+00) (-6.8171460e-03 1.8631788e-03 1.9407824e-03) (0.0000000e+00 0.0000000e+00 0.0000000e+00)) ((7.9384924e-03 -9.1103986e-02 -5.5442198e-03) (2.6255190e-04 -1.5482479e-04 1.0849704e-03) (0.0000000e+00 0.0000000e+00 0.0000000e+00))
2320          	((-3.5007493e+00 -4.2314479e+01 -8.0981414e+00) (-6.8202319e-03 1.8643955e-03 1.9398106e-03) (0.0000000e+00 0.0000000e+00 0.0000000e+00)) ((8.1269851e-03 -9.1090714e-02 -5.4867549e-03) (2.6239407e-04 -1.5486179e-04 1.0854085e-03) (0.0000000e+00 0.0000000e+00 0.0000000e+00))
2321          	((-3.5008994e+00 -4.2318263e+01 -8.0907083e+00) (-6.8244568e-03 1.8638440e-03 1.9397718e-03) (0.0000000e+00 0.0000000e+00 0.0000000e+00)) ((9.1197911e-03 -9.1014375e-02 -5.4560638e-03) (2.6239445e-04 -1.5492141e-04 1.0860074e-03) (0.0000000e+00 0.0000000e+00 0.0000000e+00))
2322          	((-3.4999996e+00 -4.2318655e+01 -8.1005818e+00) (-6.8261321e-03 1.8630716e-03 1.9389174e-03) (0.0000000e+00 0.0000000e+00 0.0000000e+00)) ((7.9594169e-03 -9.1017934e-02 -5.5794860e-03) (2.6228397e-04 -1.5493771e-04 1.0862429e-03) (0.0000000e+00 0.0000000e+00 0.0000000e+00))
2323          	((-3.4993652e+00 -4.2317700e+01 -8.1077061e+00) (-6.8248410e-03 1.8628838e-03 1.9367644e-03) (0.0000000e+00 0.0000000e+00 0.0000000e+00)) ((7.0732912e-03 -9.1036347e-02 -5.6638593e-03) (2.6199062e-04 -1.5490724e-04 1.0860554e-03) (0.0000000e+00 0.0000000e+00 0.0000000e+00))
2324          	((-3.4989954e+00 -4.2316249e+01 -8.1087502e+00) (-6.8220545e-03 1.8629107e-03 1.9346773e-03) (0.0000000e+00 0.0000000e+00 0.0000000e+00)) ((6.8947226e-03 -9.1045159e-02 -5.7015985e-03) (2.6170392e-04 -1.5485691e-04 1.0856622e-03) (0.0000000e+00 0.0000000e+00 0.0000000e+00))
2325          	((-3.4994124e+00 -4.2314822e+01 -8.0971970e+00) (-6.8203618e-03 1.8626919e-03 1.9345983e-03) (0.0000000e+00 0.0000000e+00 0.0000000e+00)) ((8.2283237e-03 -9.1031765e-02 -5.6305509e-03) (2.6169288e-04 -1.5483070e-04 1.0854300e-03) (0.0000000e+00 0.0000000e+00 0.0000000e+00))
2326          	((-3.5003850e+00 -4.2315596e+01 -8.0978289e+00) (-6.8213083e-03 1.8623135e-03 1.9354183e-03) (0.0000000e+00 0.0000000e+00 0.0000000e+00)) ((8.1916049e-03 -9.1032919e-02 -5.5309409e-03) (2.6180014e-04 -1.5484788e-04 1.0855553e-03) (0.0000000e+00 0.0000000e+00 0.0000000e+00))
2327          	((-3.4997938e+00 -4.2314942e+01 -8.0975532e+00) (-6.8219728e-03 1.8623216e-03 1.9360731e-03) (0.0000000e+00 0.0000000e+00 0.0000000e+00)) ((8.2084348e-03 -9.1001614e-02 -5.5869992e-03) (2.6187729e-04 -1.5485865e-04 1.0856448e-03) (0.0000000e+00 0.0000000e+00 0.0000000e+00))
2328          	((-3.4992264e+00 -4.2314687e+01 -8.0995479e+00) (-6.8213198e-03 1.8626366e-03 1.9364680e-03) (0.0000000e+00 0.0000000e+00 0.0000000e+00)) ((7.9642745e-03 -9.0950511e-02 -5.6462829e-03) (2.6191066e-04 -1.5484337e-04 1.0855522e-03) (0.0000000e+00 0.0000000e+00 0.0000000e+00))
2329          	((-3.4988025e+00 -4.2313766e+01 -8.1003526e+00) (-6.8195821e-03 1.8631552e-03 1.9366562e-03) (0.0000000e+00 0.0000000e+00 0.0000000e+00)) ((7.8390296e-03 -9.0922614e-02 -5.6884752e-03) (2.6191288e-04 -1.5480730e-04 1.0853093e-03) (0.0000000e+00 0.0000000e+00 0.0000000e+00))
2330          	((-3.5000206e+00 -4.2314925e+01 -8.1059970e+00) (-6.8200394e-03 1.8631003e-03 1.9362599e-03) (0.0000000e+00 0.0000000e+00 0.0000000e+00)) ((7.1937260e-03 -9.0914742e-02 -5.5806339e-03) (2.6184756e-04 -1.5480604e-04 1.0853460e-03) (0.0000000e+00 0.0000000e+00 0.0000000e+00))
2331          	((-3.5011893e+00 -4.2315899e+01 -8.0963172e+00) (-6.8245359e-03 1.8621912e-03 1.9367291e-03) (0.0000000e+00 0.0000000e+00 0.0000000e+00)) ((8.3620806e-03 -9.0837217e-02 -5.4346342e-03) (2.6192066e-04 -1.5487741e-04 1.0859411e-03) (0.0000000e+00 0.0000000e+00 0.0000000e+00))
2332          	((-3.4989567e+00 -4.2315694e+01 -8.0883509e+00) (-6.8248898e-03 1.8614606e-03 1.9386296e-03) (0.0000000e+00 0.0000000e+00 0.0000000e+00)) ((9.3199563e-03 -9.0880470e-02 -5.6603320e-03) (2.6217542e-04 -1.5489612e-04 1.0859788e-03) (0.0000000e+00 0.0000000e+00 0.0000000e+00))
2333          	((-3.4989301e+00 -4.2317113e+01 -8.1025414e+00) (-6.8229425e-03 1.8609252e-03 1.9389485e-03) (0.0000000e+00 0.0000000e+00 0.0000000e+00)) ((7.6716647e-03 -9.0852631e-02 -5.7002905e-03) (2.6220521e-04 -1.5486692e-04 1.0856679e-03) (0.0000000e+00 0.0000000e+00 0.0000000e+00))
2334          	((-3.4982188e+00 -4.2315680e+01 -8.1054722e+00) (-6.8192918e-03 1.8609332e-03 1.9378239e-03) (0.0000000e+00 0.0000000e+00 0.0000000e+00)) ((7.2705342e-03 -9.0811701e-02 -5.7741134e-03) (2.6204180e-04 -1.5480040e-04 1.0851218e-03) (0.0000000e+00 0.0000000e+00 0.0000000e+00))
2335          	((-3.4994835e+00 -4.2312488e+01 -8.1010033e+00) (-6.8183858e-03 1.8617159e-03 1.9377480e-03) (0.0000000e+00 0.0000000e+00 0.0000000e+00)) ((7.7056801e-03 -9.0798569e-02 -5.6261651e-03) (2.6200625e-04 -1.5478056e-04 1.0849554e-03) (0.0000000e+00 0.0000000e+00 0.0000000e+00))
2336          	((-3.4990550e+00 -4.2313279e+01 -8.1071352e+00) (-6.8178844e-03 1.8623794e-03 1.9373920e-03) (0.0000000e+00 0.0000000e+00 0.0000000e+00)) ((7.0076190e-03 -9.0759194e-02 -5.6738913e-03) (2.6193425e-04 -1.5476073e-04 1.0848345e-03) (0.0000000e+00 0.0000000e+00 0.0000000e+00))
2337          	((-3.5001768e+00 -4.2314186e+01 -8.1048237e+00) (-6.8197457e-03 1.8624882e-03 1.9371497e-03) (0.0000000e+00 0.0000000e+00 0.0000000e+00)) ((7.2968720e-03 -9.0692832e-02 -5.5559921e-03) (2.6189247e-04 -1.5477392e-04 1.0850269e-03) (0.0000000e+00 0.0000000e+00 0.0000000e+00))
2338          	((-3.4994460e+00 -4.2313850e+01 -8.0968395e+00) (-6.8213369e-03 1.8624522e-03 1.9381283e-03) (0.0000000e+00 0.0000000e+00 0.0000000e+00)) ((8.2352303e-03 -9.0630782e-02 -5.6102665e-03) (2.6201481e-04 -1.5478768e-04 1.0851955e-03) (0.0000000e+00 0.0000000e+00 0.0000000e+00))
2339          	((-3.4975114e+00 -4.2314946e+01 -8.0921429e+00) (-6.8182252e-03 1.8621226e-03 1.9399174e-03) (0.0000000e+00 0.0000000e+00 0.0000000e+00)) ((8.8315441e-03 -9.0649509e-02 -5.8108510e-03) (2.6224249e-04 -1.5473370e-04 1.0847222e-03) (0.0000000e+00 0.0000000e+00 0.0000000e+00))
2340          	((-3.4969085e+00 -4.2316119e+01 -8.0932888e+00) (-6.8120668e-03 1.8615901e-03 1.9414240e-03) (0.0000000e+00 0.0000000e+00 0.0000000e+00)) ((8.7313881e-03 -9.0687712e-02 -5.8907264e-03) (2.6243180e-04 -1.5463467e-04 1.0838169e-03) (0.0000000e+00 0.0000000e+00 0.0000000e+00))
2341          	((-3.4977976e+00 -4.2315004e+01 -8.0986218e+00) (-6.8075647e-03 1.8617969e-03 1.9419484e-03) (0.0000000e+00 0.0000000e+00 0.0000000e+00)) ((8.0613525e-03 -9.0682449e-02 -5.8077208e-03) (2.6247785e-04 -1.5455907e-04 1.0831279e-03) (0.0000000e+00 0.0000000e+00 0.0000000e+00))
2342          	((-3.5001427e+00 -4.2314731e+01 -8.0864566e+00) (-6.8099351e-03 1.8620408e-03 1.9434635e-03) (0.0000000e+00 0.0000000e+00 0.0000000e+00)) ((9.4927642e-03 -9.0630537e-02 -5.5321257e-03) (2.6266218e-04 -1.5460086e-04 1.0833952e-03) (0.0000000e+00 0.0000000e+00 0.0000000e+00))
2343          	((-3.4999841e+00 -4.2313743e+01 -8.0950894e+00) (-6.8141299e-03 1.8630463e-03 1.9443746e-03) (0.0000000e+00 0.0000000e+00 0.0000000e+00)) ((8.4581698e-03 -9.0621839e-02 -5.5544724e-03) (2.6274413e-04 -1.5467118e-04 1.0839081e-03) (0.0000000e+00 0.0000000e+00 0.0000000e+00))
2344          	((-3.4981712e+00 -4.2313733e+01 -8.0983529e+00) (-6.8140091e-03 1.8645758e-03 1.9438908e-03) (0.0000000e+00 0.0000000e+00 0.0000000e+00)) ((8.0658213e-03 -9.0587409e-02 -5.7492622e-03) (2.6263088e-04 -1.5466547e-04 1.0838195e-03) (0.0000000e+00 0.0000000e+00 0.0000000e+00))
2345          	((-3.4984714e+00 -4.2314748e+01 -8.0990618e+00) (-6.8126480e-03 1.8657236e-03 1.9432019e-03) (0.0000000e+00 0.0000000e+00 0.0000000e+00)) ((7.9944106e-03 -9.0592034e-02 -5.7312808e-03) (2.6249640e-04 -1.5464158e-04 1.0835538e-03) (0.0000000e+00 0.0000000e+00 0.0000000e+00))
2346          	((-3.4984994e+00 -4.2313677e+01 -8.0996070e+00) (-6.8113305e-03 1.8669582e-03 1.9425847e-03) (0.0000000e+00 0.0000000e+00 0.0000000e+00)) ((7.8913325e-03 -9.0615203e-02 -5.7282401e-03) (2.6237068e-04 -1.5462506e-04 1.0832989e-03) (0.0000000e+00 0.0000000e+00 0.0000000e+00))
2347          	((-3.4991888e+00 -4.2310366e+01 -8.0986512e+00) (-6.8119096e-03 1.8691535e-03 1.9424572e-03) (0.0000000e+00 0.0000000e+00 0.0000000e+00)) ((7.9096303e-03 -9.0629378e-02 -5.6396147e-03) (2.6229230e-04 -1.5464449e-04 1.0833138e-03) (0.0000000e+00 0.0000000e+00 0.0000000e+00))
2348          	((-3.4981125e+00 -4.2313281e+01 -8.0971004e+00) (-6.8105386e-03 1.8706417e-03 1.9424576e-03) (0.0000000e+00 0.0000000e+00 0.0000000e+00)) ((8.1816876e-03 -9.0658832e-02 -5.7568780e-03) (2.6224448e-04 -1.5463463e-04 1.0830637e-03) (0.0000000e+00 0.0000000e+00 0.0000000e+00))
2349          	((-3.4976193e+00 -4.2315161e+01 -8.0950683e+00) (-6.8072055e-03 1.8711547e-03 1.9427257e-03) (0.0000000e+00 0.0000000e+00 0.0000000e+00)) ((8.4695804e-03 -9.0678108e-02 -5.8156902e-03) (2.6225018e-04 -1.5459277e-04 1.0825443e-03) (0.0000000e+00 0.0000000e+00 0.0000000e+00))
2350          	((-3.4974526e+00 -4.2313696e+01 -8.0969382e+00) (-6.8037310e-03 1.8721188e-03 1.9428991e-03) (0.0000000e+00 0.0000000e+00 0.0000000e+00)) ((8.2029839e-03 -9.0612415e-02 -5.8259505e-03) (2.6223517e-04 -1.5453802e-04 1.0820157e-03) (0.0000000e+00 0.0000000e+00 0.0000000e+00))
2351          	((-3.4988702e+00 -4.2313351e+01 -8.0971597e+00) (-6.8035503e-03 1.8735387e-03 1.9429673e-03) (0.0000000e+00 0.0000000e+00 0.0000000e+00)) ((8.1671223e-03 -9.0621270e-02 -5.6773855e-03) (2.6220217e-04 -1.5453396e-04 1.0819441e-03) (0.0000000e+00 0.0000000e+00 0.0000000e+00))
2352          	((-3.5005704e+00 -4.2314364e+01 -8.0846438e+00) (-6.8086278e-03 1.8742909e-03 1.9443493e-03) (0.0000000e+00 0.0000000e+00 0.0000000e+00)) ((9.6812635e-03 -9.0633405e-02 -5.4783388e-03) (2.6236075e-04 -1.5463143e-04 1.0826081e-03) (0.0000000e+00 0.0000000e+00 0.0000000e+00))
2353          	((-3.4998719e+00 -4.2314421e+01 -8.0917601e+00) (-6.8132503e-03 1.8752054e-03 1.9451817e-03) (0.0000000e+00 0.0000000e+00 0.0000000e+00)) ((8.8533593e-03 -9.0682134e-02 -5.5635833e-03) (2.6243422e-04 -1.5473155e-04 1.0832085e-03) (0.0000000e+00 0.0000000e+00 0.0000000e+00))
2354          	((-3.4966776e+00 -4.2315000e+01 -8.0908938e+00) (-6.8096175e-03 1.8763834e-03 1.9450293e-03) (0.0000000e+00 0.0000000e+00 0.0000000e+00)) ((8.9681514e-03 -9.0737120e-02 -5.9052509e-03) (2.6237244e-04 -1.5470288e-04 1.0826825e-03) (0.0000000e+00 0.0000000e+00 0.0000000e+00))
2355          	((-3.4965123e+00 -4.2314498e+01 -8.0891889e+00) (-6.8030845e-03 1.8778500e-03 1.9450622e-03) (0.0000000e+00 0.0000000e+00 0.0000000e+00)) ((9.1502806e-03 -9.0770921e-02 -5.9241077e-03) (2.6232988e-04 -1.5462480e-04 1.0817675e-03) (0.0000000e+00 0.0000000e+00 0.0000000e+00))
2356          	((-3.4977196e+00 -4.2313532e+01 -8.0942490e+00) (-6.7992575e-03 1.8798598e-03 1.9443977e-03) (0.0000000e+00 0.0000000e+00 0.0000000e+00)) ((8.5232720e-03 -9.0786508e-02 -5.8026745e-03) (2.6218890e-04 -1.5457821e-04 1.0812289e-03) (0.0000000e+00 0.0000000e+00 0.0000000e+00))
2357          	((-3.4983740e+00 -4.2312163e+01 -8.0977039e+00) (-6.7981884e-03 1.8822526e-03 1.9430051e-03) (0.0000000e+00 0.0000000e+00 0.0000000e+00)) ((8.0700852e-03 -9.0822397e-02 -5.7324707e-03) (2.6194840e-04 -1.5456945e-04 1.0810701e-03) (0.0000000e+00 0.0000000e+00 0.0000000e+00))
2358          	((-3.4998849e+00 -4.2312722e+01 -8.0943200e+00) (-6.8011304e-03 1.8841453e-03 1.9419975e-03) (0.0000000e+00 0.0000000e+00 0.0000000e+00)) ((8.4844527e-03 -9.0845697e-02 -5.5697357e-03) (2.6177204e-04 -1.5462840e-04 1.0814598e-03) (0.0000000e+00 0.0000000e+00 0.0000000e+00))
2359          	((-3.5005270e+00 -4.2313739e+01 -8.0892670e+00) (-6.8066623e-03 1.8854494e-03 1.9417548e-03) (0.0000000e+00 0.0000000e+00 0.0000000e+00)) ((9.1169669e-03 -9.0824093e-02 -5.4918401e-03) (2.6170986e-04 -1.5473142e-04 1.0822148e-03) (0.0000000e+00 0.0000000e+00 0.0000000e+00))
2360          	((-3.4994114e+00 -4.2312163e+01 -8.0950879e+00) (-6.8098200e-03 1.8872731e-03 1.9409855e-03) (0.0000000e+00 0.0000000e+00 0.0000000e+00)) ((8.3878818e-03 -9.0868994e-02 -5.6118271e-03) (2.6156180e-04 -1.5479748e-04 1.0826537e-03) (0.0000000e+00 0.0000000e+00 0.0000000e+00))
2361          	((-3.4982688e+00 -4.2310720e+01 -8.0936471e+00) (-6.8092455e-03 1.8897217e-03 1.9399926e-03) (0.0000000e+00 0.0000000e+00 0.0000000e+00)) ((8.5154898e-03 -9.0900608e-02 -5.7260872e-03) (2.6137424e-04 -1.5480574e-04 1.0825939e-03) (0.0000000e+00 0.0000000e+00 0.0000000e+00))
2362          	((-3.4995669e+00 -4.2313177e+01 -8.0851995e+00) (-6.8108322e-03 1.8909948e-03 1.9400257e-03) (0.0000000e+00 0.0000000e+00 0.0000000e+00)) ((9.5820976e-03 -9.0868832e-02 -5.5807401e-03) (2.6134851e-04 -1.5484786e-04 1.0828433e-03) (0.0000000e+00 0.0000000e+00 0.0000000e+00))
2363          	((-3.4997074e+00 -4.2313677e+01 -8.0974510e+00) (-6.8129570e-03 1.8921021e-03 1.9388199e-03) (0.0000000e+00 0.0000000e+00 0.0000000e+00)) ((8.1425194e-03 -9.0945201e-02 -5.5995130e-03) (2.6115729e-04 -1.5489418e-04 1.0831576e-03) (0.0000000e+00 0.0000000e+00 0.0000000e+00))
2364          	((-3.4991262e+00 -4.2311438e+01 -8.0999433e+00) (-6.8134226e-03 1.8941107e-03 1.9365662e-03) (0.0000000e+00 0.0000000e+00 0.0000000e+00)) ((7.7765738e-03 -9.0984077e-02 -5.6605247e-03) (2.6081546e-04 -1.5491225e-04 1.0832416e-03) (0.0000000e+00 0.0000000e+00 0.0000000e+00))
2365          	((-3.4976351e+00 -4.2307842e+01 -8.1004780e+00) (-6.8106062e-03 1.8970866e-03 1.9345876e-03) (0.0000000e+00 0.0000000e+00 0.0000000e+00)) ((7.6099599e-03 -9.0960966e-02 -5.7946433e-03) (2.6049162e-04 -1.5486786e-04 1.0828929e-03) (0.0000000e+00 0.0000000e+00 0.0000000e+00))
2366          	((-3.4978001e+00 -4.2308607e+01 -8.0881761e+00) (-6.8071244e-03 1.8993655e-03 1.9343404e-03) (0.0000000e+00 0.0000000e+00 0.0000000e+00)) ((9.1024384e-03 -9.1004452e-02 -5.7610431e-03) (2.6041624e-04 -1.5481331e-04 1.0824671e-03) (0.0000000e+00 0.0000000e+00 0.0000000e+00))
2367          	((-3.5008252e+00 -4.2311269e+01 -8.0925795e+00) (-6.8102530e-03 1.9005002e-03 1.9343200e-03) (0.0000000e+00 0.0000000e+00 0.0000000e+00)) ((8.6599433e-03 -9.1028403e-02 -5.4644524e-03) (2.6038953e-04 -1.5486275e-04 1.0829362e-03) (0.0000000e+00 0.0000000e+00 0.0000000e+00))
2368          	((-3.4999907e+00 -4.2313409e+01 -8.0803410e+00) (-6.8136715e-03 1.9008912e-03 1.9347799e-03) (0.0000000e+00 0.0000000e+00 0.0000000e+00)) ((1.0175895e-02 -9.1046541e-02 -5.5377948e-03) (2.6044693e-04 -1.5492495e-04 1.0834638e-03) (0.0000000e+00 0.0000000e+00 0.0000000e+00))
2369          	((-3.4991121e+00 -4.2313096e+01 -8.0809823e+00) (-6.8138718e-03 1.9015749e-03 1.9355948e-03) (0.0000000e+00 0.0000000e+00 0.0000000e+00)) ((1.0096964e-02 -9.1149280e-02 -5.6468966e-03) (2.6053149e-04 -1.5494349e-04 1.0835485e-03) (0.0000000e+00 0.0000000e+00 0.0000000e+00))
2370          	((-3.4986651e+00 -4.2314223e+01 -8.0856224e+00) (-6.8120829e-03 1.9024024e-03 1.9350200e-03) (0.0000000e+00 0.0000000e+00 0.0000000e+00)) ((9.5803419e-03 -9.1113324e-02 -5.7019362e-03) (2.6042788e-04 -1.5491739e-04 1.0833563e-03) (0.0000000e+00 0.0000000e+00 0.0000000e+00))
2371          	((-3.4981663e+00 -4.2312837e+01 -8.0934021e+00) (-6.8090176e-03 1.9036567e-03 1.9329091e-03) (0.0000000e+00 0.0000000e+00 0.0000000e+00)) ((8.6143271e-03 -9.1077667e-02 -5.7569439e-03) (2.6011489e-04 -1.5484891e-04 1.0829921e-03) (0.0000000e+00 0.0000000e+00 0.0000000e+00))
2372          	((-3.4990853e+00 -4.2311592e+01 -8.0933816e+00) (-6.8075424e-03 1.9052705e-03 1.9305108e-03) (0.0000000e+00 0.0000000e+00 0.0000000e+00)) ((8.5770544e-03 -9.1097244e-02 -5.6594576e-03) (2.5976277e-04 -1.5479865e-04 1.0828434e-03) (0.0000000e+00 0.0000000e+00 0.0000000e+00))
2373          	((-3.5011219e+00 -4.2313477e+01 -8.0883996e+00) (-6.8115197e-03 1.9059573e-03 1.9288994e-03) (0.0000000e+00 0.0000000e+00 0.0000000e+00)) ((9.2228197e-03 -9.1067597e-02 -5.4337256e-03) (2.5953620e-04 -1.5483835e-04 1.0834420e-03) (0.0000000e+00 0.0000000e+00 0.0000000e+00))
2374          	((-3.5003062e+00 -4.2312566e+01 -8.0898842e+00) (-6.8146928e-03 1.9068448e-03 1.9274583e-03) (0.0000000e+00 0.0000000e+00 0.0000000e+00)) ((9.0304730e-03 -9.1124987e-02 -5.5249439e-03) (2.5932502e-04 -1.5487098e-04 1.0839311e-03) (0.0000000e+00 0.0000000e+00 0.0000000e+00))
2375          	((-3.4991520e+00 -4.2312373e+01 -8.0944812e+00) (-6.8141436e-03 1.9082209e-03 1.9254321e-03) (0.0000000e+00 0.0000000e+00 0.0000000e+00)) ((8.4772805e-03 -9.1113398e-02 -5.6548097e-03) (2.5902123e-04 -1.5483903e-04 1.0839009e-03) (0.0000000e+00 0.0000000e+00 0.0000000e+00))
2376          	((-3.4986175e+00 -4.2311998e+01 -8.0941744e+00) (-6.8112746e-03 1.9094849e-03 1.9233654e-03) (0.0000000e+00 0.0000000e+00 0.0000000e+00)) ((8.4938560e-03 -9.1098920e-02 -5.7094605e-03) (2.5871377e-04 -1.5476338e-04 1.0835568e-03) (0.0000000e+00 0.0000000e+00 0.0000000e+00))
2377          	((-3.4997659e+00 -4.2312766e+01 -8.0949242e+00) (-6.8104343e-03 1.9102042e-03 1.9215511e-03) (0.0000000e+00 0.0000000e+00 0.0000000e+00)) ((8.4220933e-03 -9.1093055e-02 -5.5941920e-03) (2.5845008e-04 -1.5471775e-04 1.0834875e-03) (0.0000000e+00 0.0000000e+00 0.0000000e+00))
2378          	((-3.4999623e+00 -4.2311995e+01 -8.0914311e+00) (-6.8104954e-03 1.9108561e-03 1.9203702e-03) (0.0000000e+00 0.0000000e+00 0.0000000e+00)) ((8.8160606e-03 -9.1174876e-02 -5.5735587e-03) (2.5827205e-04 -1.5469878e-04 1.0835423e-03) (0.0000000e+00 0.0000000e+00 0.0000000e+00))
2379          	((-3.5011066e+00 -4.2311376e+01 -8.0906069e+00) (-6.8132518e-03 1.9117333e-03 1.9198039e-03) (0.0000000e+00 0.0000000e+00 0.0000000e+00)) ((8.9014766e-03 -9.1169054e-02 -5.4493628e-03) (2.5816846e-04 -1.5472957e-04 1.0839623e-03) (0.0000000e+00 0.0000000e+00 0.0000000e+00))
2380          	((-3.5006376e+00 -4.2312403e+01 -8.0994863e+00) (-6.8157111e-03 1.9125335e-03 1.9181629e-03) (0.0000000e+00 0.0000000e+00 0.0000000e+00)) ((7.8768773e-03 -9.1112573e-02 -5.5100637e-03) (2.5792118e-04 -1.5474461e-04 1.0843371e-03) (0.0000000e+00 0.0000000e+00 0.0000000e+00))
2381          	((-3.4992904e+00 -4.2310381e+01 -8.0985464e+00) (-6.8151906e-03 1.9137544e-03 1.9163805e-03) (0.0000000e+00 0.0000000e+00 0.0000000e+00)) ((7.9247640e-03 -9.1045296e-02 -5.6351864e-03) (2.5764967e-04 -1.5470313e-04 1.0843142e-03) (0.0000000e+00 0.0000000e+00 0.0000000e+00))
2382          	((-3.4987526e+00 -4.2310655e+01 -8.0932436e+00) (-6.8124123e-03 1.9146071e-03 1.9157751e-03) (0.0000000e+00 0.0000000e+00 0.0000000e+00)) ((8.5625624e-03 -9.1064600e-02 -5.6885193e-03) (2.5753980e-04 -1.5463132e-04 1.0839850e-03) (0.0000000e+00 0.0000000e+00 0.0000000e+00))
2383          	((-3.5009292e+00 -4.2312891e+01 -8.0823984e+00) (-6.8142106e-03 1.9141415e-03 1.9168558e-03) (0.0000000e+00 0.0000000e+00 0.0000000e+00)) ((9.9138016e-03 -9.1062290e-02 -5.4499804e-03) (2.5767985e-04 -1.5464799e-04 1.0842822e-03) (0.0000000e+00 0.0000000e+00 0.0000000e+00))
2384          	((-3.5014245e+00 -4.2312982e+01 -8.0906980e+00) (-6.8184207e-03 1.9140074e-03 1.9172360e-03) (0.0000000e+00 0.0000000e+00 0.0000000e+00)) ((8.9465773e-03 -9.1092552e-02 -5.4159007e-03) (2.5771556e-04 -1.5470988e-04 1.0848999e-03) (0.0000000e+00 0.0000000e+00 0.0000000e+00))
2385          	((-3.5007494e+00 -4.2312981e+01 -8.1026647e+00) (-6.8210745e-03 1.9146732e-03 1.9154198e-03) (0.0000000e+00 0.0000000e+00 0.0000000e+00)) ((7.5130271e-03 -9.1044858e-02 -5.5085901e-03) (2.5744369e-04 -1.5473820e-04 1.0852873e-03) (0.0000000e+00 0.0000000e+00 0.0000000e+00))
2386          	((-3.5004717e+00 -4.2312131e+01 -8.1036710e+00) (-6.8224666e-03 1.9154010e-03 1.9131515e-03) (0.0000000e+00 0.0000000e+00 0.0000000e+00)) ((7.3531214e-03 -9.0989562e-02 -5.5340066e-03) (2.5711456e-04 -1.5474338e-04 1.0855026e-03) (0.0000000e+00 0.0000000e+00 0.0000000e+00))
2387          	((-3.4992307e+00 -4.2309927e+01 -8.0955074e+00) (-6.8213015e-03 1.9162179e-03 1.9124452e-03) (0.0000000e+00 0.0000000e+00 0.0000000e+00)) ((8.2597092e-03 -9.0957047e-02 -5.6351708e-03) (2.5699268e-04 -1.5471240e-04 1.0853842e-03) (0.0000000e+00 0.0000000e+00 0.0000000e+00))
2388          	((-3.4987042e+00 -4.2308607e+01 -8.0843215e+00) (-6.8186295e-03 1.9171985e-03 1.9138985e-03) (0.0000000e+00 0.0000000e+00 0.0000000e+00)) ((9.5693901e-03 -9.0925798e-02 -5.6624738e-03) (2.5715283e-04 -1.5466000e-04 1.0850680e-03) (0.0000000e+00 0.0000000e+00 0.0000000e+00))
2389          	((-3.4992187e+00 -4.2309795e+01 -8.0860246e+00) (-6.8167321e-03 1.9181223e-03 1.9154778e-03) (0.0000000e+00 0.0000000e+00 0.0000000e+00)) ((9.4166780e-03 -9.0937951e-02 -5.6179846e-03) (2.5732521e-04 -1.5461866e-04 1.0848451e-03) (0.0000000e+00 0.0000000e+00 0.0000000e+00))
2390          	((-3.4994920e+00 -4.2312574e+01 -8.0901902e+00) (-6.8156067e-03 1.9186022e-03 1.9157995e-03) (0.0000000e+00 0.0000000e+00 0.0000000e+00)) ((8.9930583e-03 -9.0942236e-02 -5.6121704e-03) (2.5733945e-04 -1.5458939e-04 1.0847116e-03) (0.0000000e+00 0.0000000e+00 0.0000000e+00))
2391          	((-3.4999175e+00 -4.2312471e+01 -8.0981996e+00) (-6.8158041e-03 1.9191946e-03 1.9147904e-03) (0.0000000e+00 0.0000000e+00 0.0000000e+00)) ((8.0263191e-03 -9.0892513e-02 -5.5801487e-03) (2.5717543e-04 -1.5457563e-04 1.0847469e-03) (0.0000000e+00 0.0000000e+00 0.0000000e+00))
2392          	((-3.4987302e+00 -4.2310795e+01 -8.0983924e+00) (-6.8140510e-03 1.9202818e-03 1.9134393e-03) (0.0000000e+00 0.0000000e+00 0.0000000e+00)) ((7.9472348e-03 -9.0838187e-02 -5.6939170e-03) (2.5695937e-04 -1.5452430e-04 1.0845168e-03) (0.0000000e+00 0.0000000e+00 0.0000000e+00))
2393          	((-3.5006791e+00 -4.2312911e+01 -8.0881410e+00) (-6.8165114e-03 1.9202432e-03 1.9135706e-03) (0.0000000e+00 0.0000000e+00 0.0000000e+00)) ((9.2179043e-03 -9.0715948e-02 -5.4661349e-03) (2.5696388e-04 -1.5453922e-04 1.0848645e-03) (0.0000000e+00 0.0000000e+00 0.0000000e+00))
2394          	((-3.4997932e+00 -4.2312151e+01 -8.0786942e+00) (-6.8184305e-03 1.9202616e-03 1.9152612e-03) (0.0000000e+00 0.0000000e+00 0.0000000e+00)) ((1.0338344e-02 -9.0751191e-02 -5.5442388e-03) (2.5717288e-04 -1.5456034e-04 1.0851478e-03) (0.0000000e+00 0.0000000e+00 0.0000000e+00))
2395          	((-3.4986283e+00 -4.2311579e+01 -8.0832112e+00) (-6.8167165e-03 1.9213163e-03 1.9165402e-03) (0.0000000e+00 0.0000000e+00 0.0000000e+00)) ((9.8007073e-03 -9.0786494e-02 -5.6788241e-03) (2.5729746e-04 -1.5452952e-04 1.0849159e-03) (0.0000000e+00 0.0000000e+00 0.0000000e+00))
2396          	((-3.4997159e+00 -4.2313240e+01 -8.0926051e+00) (-6.8162277e-03 1.9224567e-03 1.9158840e-03) (0.0000000e+00 0.0000000e+00 0.0000000e+00)) ((8.7175515e-03 -9.0719439e-02 -5.5883547e-03) (2.5716460e-04 -1.5450766e-04 1.0848325e-03) (0.0000000e+00 0.0000000e+00 0.0000000e+00))
2397          	((-3.4993695e+00 -4.2312613e+01 -8.0981430e+00) (-6.8157150e-03 1.9237170e-03 1.9139337e-03) (0.0000000e+00 0.0000000e+00 0.0000000e+00)) ((8.0306103e-03 -9.0700831e-02 -5.6305216e-03) (2.5686408e-04 -1.5448096e-04 1.0847433e-03) (0.0000000e+00 0.0000000e+00 0.0000000e+00))
2398          	((-3.4987454e+00 -4.2311041e+01 -8.0980572e+00) (-6.8135755e-03 1.9252133e-03 1.9122124e-03) (0.0000000e+00 0.0000000e+00 0.0000000e+00)) ((7.9855513e-03 -9.0711295e-02 -5.6928123e-03) (2.5658998e-04 -1.5443083e-04 1.0844251e-03) (0.0000000e+00 0.0000000e+00 0.0000000e+00))
2399          	((-3.5000389e+00 -4.2311541e+01 -8.0994194e+00) (-6.8137125e-03 1.9264439e-03 1.9109156e-03) (0.0000000e+00 0.0000000e+00 0.0000000e+00)) ((7.8333977e-03 -9.0691912e-02 -5.5598770e-03) (2.5637772e-04 -1.5441790e-04 1.0844072e-03) (0.0000000e+00 0.0000000e+00 0.0000000e+00))
2400          	((-3.5000024e+00 -4.2310918e+01 -8.0987041e+00) (-6.8146241e-03 1.9277564e-03 1.9100182e-03) (0.0000000e+00 0.0000000e+00 0.0000000e+00)) ((7.8981593e-03 -9.0685245e-02 -5.5589621e-03) (2.5621885e-04 -1.5441952e-04 1.0844991e-03) (0.0000000e+00 0.0000000e+00 0.0000000e+00))
2401          	((-3.5010100e+00 -4.2307980e+01 -8.0981859e+00) (-6.8177337e-03 1.9299652e-03 1.9098358e-03) (0.0000000e+00 0.0000000e+00 0.0000000e+00)) ((7.8717194e-03 -9.0685535e-02 -5.4442380e-03) (2.5613495e-04 -1.5446205e-04 1.0848969e-03) (0.0000000e+00 0.0000000e+00 0.0000000e+00))
2402          	((-3.4993048e+00 -4.2311539e+01 -8.0900735e+00) (-6.8175552e-03 1.9312615e-03 1.9105006e-03) (0.0000000e+00 0.0000000e+00 0.0000000e+00)) ((8.9353266e-03 -9.0716152e-02 -5.6194133e-03) (2.5617877e-04 -1.5446243e-04 1.0848567e-03) (0.0000000e+00 0.0000000e+00 0.0000000e+00))
2403          	((-3.4985452e+00 -4.2312842e+01 -8.0681571e+00) (-6.8155633e-03 1.9314291e-03 1.9139550e-03) (0.0000000e+00 0.0000000e+00 0.0000000e+00)) ((1.1578181e-02 -9.0631766e-02 -5.6550449e-03) (2.5661236e-04 -1.5443885e-04 1.0845995e-03) (0.0000000e+00 0.0000000e+00 0.0000000e+00))
2404          	((-3.4975912e+00 -4.2312483e+01 -8.0820124e+00) (-6.8111214e-03 1.9325068e-03 1.9162399e-03) (0.0000000e+00 0.0000000e+00 0.0000000e+00)) ((9.9438540e-03 -9.0629963e-02 -5.7806585e-03) (2.5685947e-04 -1.5435954e-04 1.0840015e-03) (0.0000000e+00 0.0000000e+00 0.0000000e+00))
2405          	((-3.4982107e+00 -4.2312369e+01 -8.0910265e+00) (-6.8070245e-03 1.9345846e-03 1.9157429e-03) (0.0000000e+00 0.0000000e+00 0.0000000e+00)) ((8.8613215e-03 -9.0669546e-02 -5.7393579e-03) (2.5672484e-04 -1.5427751e-04 1.0834311e-03) (0.0000000e+00 0.0000000e+00 0.0000000e+00))
2406          	((-3.4995524e+00 -4.2311308e+01 -8.0964637e+00) (-6.8064200e-03 1.9370481e-03 1.9141081e-03) (0.0000000e+00 0.0000000e+00 0.0000000e+00)) ((8.1648176e-03 -9.0706429e-02 -5.6074271e-03) (2.5643605e-04 -1.5425680e-04 1.0833337e-03) (0.0000000e+00 0.0000000e+00 0.0000000e+00))
2407          	((-3.4993138e+00 -4.2310531e+01 -8.1008120e+00) (-6.8065779e-03 1.9395605e-03 1.9119405e-03) (0.0000000e+00 0.0000000e+00 0.0000000e+00)) ((7.6160120e-03 -9.0709875e-02 -5.6295113e-03) (2.5607865e-04 -1.5424983e-04 1.0833429e-03) (0.0000000e+00 0.0000000e+00 0.0000000e+00))
2408          	((-3.4990713e+00 -4.2309516e+01 -8.0937786e+00) (-6.8064668e-03 1.9419249e-03 1.9108244e-03) (0.0000000e+00 0.0000000e+00 0.0000000e+00)) ((8.4166433e-03 -9.0680734e-02 -5.6307807e-03) (2.5586790e-04 -1.5423832e-04 1.0833292e-03) (0.0000000e+00 0.0000000e+00 0.0000000e+00))
2409          	((-3.5002182e+00 -4.2310058e+01 -8.0788081e+00) (-6.8088161e-03 1.9437568e-03 1.9121280e-03) (0.0000000e+00 0.0000000e+00 0.0000000e+00)) ((1.0218966e-02 -9.0683741e-02 -5.4869503e-03) (2.5599029e-04 -1.5427561e-04 1.0836713e-03) (0.0000000e+00 0.0000000e+00 0.0000000e+00))
2410          	((-3.5010789e+00 -4.2310554e+01 -8.0865328e+00) (-6.8134734e-03 1.9457921e-03 1.9130144e-03) (0.0000000e+00 0.0000000e+00 0.0000000e+00)) ((9.3316848e-03 -9.0735207e-02 -5.4124605e-03) (2.5604599e-04 -1.5435496e-04 1.0843279e-03) (0.0000000e+00 0.0000000e+00 0.0000000e+00))
2411          	((-3.4984420e+00 -4.2311422e+01 -8.0946098e+00) (-6.8126133e-03 1.9480343e-03 1.9117867e-03) (0.0000000e+00 0.0000000e+00 0.0000000e+00)) ((8.3833091e-03 -9.0734870e-02 -5.7035058e-03) (2.5581653e-04 -1.5434036e-04 1.0842311e-03) (0.0000000e+00 0.0000000e+00 0.0000000e+00))
2412          	((-3.4983618e+00 -4.2310616e+01 -8.0959023e+00) (-6.8096164e-03 1.9503998e-03 1.9100941e-03) (0.0000000e+00 0.0000000e+00 0.0000000e+00)) ((8.1901479e-03 -9.0730703e-02 -5.7131364e-03) (2.5552542e-04 -1.5428550e-04 1.0838459e-03) (0.0000000e+00 0.0000000e+00 0.0000000e+00))
2413          	((-3.4986136e+00 -4.2309331e+01 -8.0965639e+00) (-6.8070769e-03 1.9529512e-03 1.9086151e-03) (0.0000000e+00 0.0000000e+00 0.0000000e+00)) ((8.0683119e-03 -9.0760026e-02 -5.6850645e-03) (2.5526305e-04 -1.5423723e-04 1.0835323e-03) (0.0000000e+00 0.0000000e+00 0.0000000e+00))
2414          	((-3.4999133e+00 -4.2311423e+01 -8.0714196e+00) (-6.8079926e-03 1.9544953e-03 1.9101212e-03) (0.0000000e+00 0.0000000e+00 0.0000000e+00)) ((1.1116171e-02 -9.0814851e-02 -5.5119216e-03) (2.5542512e-04 -1.5426714e-04 1.0837195e-03) (0.0000000e+00 0.0000000e+00 0.0000000e+00))
2415          	((-3.4982062e+00 -4.2312075e+01 -8.0699757e+00) (-6.8061527e-03 1.9561074e-03 1.9126498e-03) (0.0000000e+00 0.0000000e+00 0.0000000e+00)) ((1.1334292e-02 -9.0929525e-02 -5.6942035e-03) (2.5570747e-04 -1.5426491e-04 1.0835409e-03) (0.0000000e+00 0.0000000e+00 0.0000000e+00))
2416          	((-3.4981579e+00 -4.2313333e+01 -8.0856810e+00) (-6.8026806e-03 1.9582842e-03 1.9122789e-03) (0.0000000e+00 0.0000000e+00 0.0000000e+00)) ((9.5004984e-03 -9.0917471e-02 -5.7330402e-03) (2.5558885e-04 -1.5421588e-04 1.0831175e-03) (0.0000000e+00 0.0000000e+00 0.0000000e+00))
2417          	((-3.4997911e+00 -4.2311307e+01 -8.0899205e+00) (-6.8026435e-03 1.9611142e-03 1.9100858e-03) (0.0000000e+00 0.0000000e+00 0.0000000e+00)) ((8.9222414e-03 -9.0939555e-02 -5.5650574e-03) (2.5522638e-04 -1.5421309e-04 1.0831657e-03) (0.0000000e+00 0.0000000e+00 0.0000000e+00))
2418          	((-3.5003800e+00 -4.2309963e+01 -8.0932310e+00) (-6.8053751e-03 1.9643595e-03 1.9075234e-03) (0.0000000e+00 0.0000000e+00 0.0000000e+00)) ((8.4859520e-03 -9.0962127e-02 -5.4953144e-03) (2.5481137e-04 -1.5425555e-04 1.0836022e-03) (0.0000000e+00 0.0000000e+00 0.0000000e+00))
2419          	((-3.4989545e+00 -4.2310542e+01 -8.0918625e+00) (-6.8051389e-03 1.9671954e-03 1.9051999e-03) (0.0000000e+00 0.0000000e+00 0.0000000e+00)) ((8.6599953e-03 -9.1018275e-02 -5.6447137e-03) (2.5443710e-04 -1.5425164e-04 1.0836371e-03) (0.0000000e+00 0.0000000e+00 0.0000000e+00))
2420          	((-3.4981101e+00 -4.2311528e+01 -8.0920072e+00) (-6.8014353e-03 1.9694181e-03 1.9032858e-03) (0.0000000e+00 0.0000000e+00 0.0000000e+00)) ((8.6620252e-03 -9.1059813e-02 -5.7434523e-03) (2.5412612e-04 -1.5418810e-04 1.0831937e-03) (0.0000000e+00 0.0000000e+00 0.0000000e+00))
2421          	((-3.4995199e+00 -4.2311426e+01 -8.0868209e+00) (-6.8002109e-03 1.9715079e-03 1.9022238e-03) (0.0000000e+00 0.0000000e+00 0.0000000e+00)) ((9.2674720e-03 -9.1042830e-02 -5.5853379e-03) (2.5393528e-04 -1.5415845e-04 1.0831016e-03) (0.0000000e+00 0.0000000e+00 0.0000000e+00))
2422          	((-3.5011592e+00 -4.2309771e+01 -8.0901264e+00) (-6.8035350e-03 1.9742931e-03 1.9012765e-03) (0.0000000e+00 0.0000000e+00 0.0000000e+00)) ((8.8329416e-03 -9.1114440e-02 -5.4148980e-03) (2.5374642e-04 -1.5420402e-04 1.0836429e-03) (0.0000000e+00 0.0000000e+00 0.0000000e+00))
2423          	((-3.5012000e+00 -4.2308787e+01 -8.0866658e+00) (-6.8082813e-03 1.9774812e-03 1.9005031e-03) (0.0000000e+00 0.0000000e+00 0.0000000e+00)) ((9.2179212e-03 -9.1148011e-02 -5.3959547e-03) (2.5357561e-04 -1.5427952e-04 1.0843920e-03) (0.0000000e+00 0.0000000e+00 0.0000000e+00))
2424          	((-3.4999078e+00 -4.2309567e+01 -8.0668143e+00) (-6.8106723e-03 1.9800725e-03 1.9020404e-03) (0.0000000e+00 0.0000000e+00 0.0000000e+00)) ((1.1607726e-02 -9.1154841e-02 -5.4938033e-03) (2.5372410e-04 -1.5432854e-04 1.0848489e-03) (0.0000000e+00 0.0000000e+00 0.0000000e+00))
2425          	((-3.4979803e+00 -4.2309649e+01 -8.0687674e+00) (-6.8075176e-03 1.9829368e-03 1.9037932e-03) (0.0000000e+00 0.0000000e+00 0.0000000e+00)) ((1.1402914e-02 -9.1220893e-02 -5.7076117e-03) (2.5388363e-04 -1.5428337e-04 1.0845477e-03) (0.0000000e+00 0.0000000e+00 0.0000000e+00))
2426          	((-3.4994614e+00 -4.2311594e+01 -8.0763098e+00) (-6.8055346e-03 1.9858677e-03 1.9035182e-03) (0.0000000e+00 0.0000000e+00 0.0000000e+00)) ((1.0555737e-02 -9.1235886e-02 -5.5820336e-03) (2.5377394e-04 -1.5424104e-04 1.0843873e-03) (0.0000000e+00 0.0000000e+00 0.0000000e+00))
2427          	((-3.5000590e+00 -4.2311525e+01 -8.0841550e+00) (-6.8056909e-03 1.9888491e-03 1.9013189e-03) (0.0000000e+00 0.0000000e+00 0.0000000e+00)) ((9.6077427e-03 -9.1277907e-02 -5.5347252e-03) (2.5341266e-04 -1.5422536e-04 1.0845162e-03) (0.0000000e+00 0.0000000e+00 0.0000000e+00))
2428          	((-3.5008548e+00 -4.2312047e+01 -8.0928099e+00) (-6.8080042e-03 1.9915004e-03 1.8977074e-03) (0.0000000e+00 0.0000000e+00 0.0000000e+00)) ((8.5776339e-03 -9.1265841e-02 -5.4619227e-03) (2.5287326e-04 -1.5423504e-04 1.0849312e-03) (0.0000000e+00 0.0000000e+00 0.0000000e+00))
2429          	((-3.5002627e+00 -4.2310294e+01 -8.0798899e+00) (-6.8097791e-03 1.9941096e-03 1.8955207e-03) (0.0000000e+00 0.0000000e+00 0.0000000e+00)) ((1.0063118e-02 -9.1245464e-02 -5.4893201e-03) (2.5253317e-04 -1.5423764e-04 1.0852910e-03) (0.0000000e+00 0.0000000e+00 0.0000000e+00))
2430          	((-3.4997202e+00 -4.2311427e+01 -8.0780993e+00) (-6.8098043e-03 1.9963312e-03 1.8946078e-03) (0.0000000e+00 0.0000000e+00 0.0000000e+00)) ((1.0321772e-02 -9.1248056e-02 -5.5423874e-03) (2.5236226e-04 -1.5420906e-04 1.0854135e-03) (0.0000000e+00 0.0000000e+00 0.0000000e+00))
2431          	((-3.4993861e+00 -4.2309891e+01 -8.0797642e+00) (-6.8079940e-03 1.9991311e-03 1.8935032e-03) (0.0000000e+00 0.0000000e+00 0.0000000e+00)) ((1.0085863e-02 -9.1305579e-02 -5.5841981e-03) (2.5215390e-04 -1.5414797e-04 1.0852823e-03) (0.0000000e+00 0.0000000e+00 0.0000000e+00))
2432          	((-3.4992926e+00 -4.2309761e+01 -8.0850212e+00) (-6.8054842e-03 2.0022673e-03 1.8916795e-03) (0.0000000e+00 0.0000000e+00 0.0000000e+00)) ((9.4480518e-03 -9.1317949e-02 -5.6039290e-03) (2.5184170e-04 -1.5406880e-04 1.0850502e-03) (0.0000000e+00 0.0000000e+00 0.0000000e+00))
2433          	((-3.5003817e+00 -4.2310786e+01 -8.0896706e+00) (-6.8052088e-03 2.0046963e-03 1.8891822e-03) (0.0000000e+00 0.0000000e+00 0.0000000e+00)) ((8.9086803e-03 -9.1317105e-02 -5.5020525e-03) (2.5145483e-04 -1.5401837e-04 1.0851155e-03) (0.0000000e+00 0.0000000e+00 0.0000000e+00))
2434          	((-3.5003889e+00 -4.2310550e+01 -8.0898939e+00) (-6.8054199e-03 2.0066862e-03 1.8867789e-03) (0.0000000e+00 0.0000000e+00 0.0000000e+00)) ((8.8662761e-03 -9.1374892e-02 -5.5047555e-03) (2.5109090e-04 -1.5397980e-04 1.0852446e-03) (0.0000000e+00 0.0000000e+00 0.0000000e+00))
2435          	((-3.5002192e+00 -4.2311872e+01 -8.0727917e+00) (-6.8053342e-03 2.0075907e-03 1.8867188e-03) (0.0000000e+00 0.0000000e+00 0.0000000e+00)) ((1.0931882e-02 -9.1403336e-02 -5.4966543e-03) (2.5105992e-04 -1.5395180e-04 1.0853461e-03) (0.0000000e+00 0.0000000e+00 0.0000000e+00))
2436          	((-3.4997930e+00 -4.2312309e+01 -8.0714942e+00) (-6.8043457e-03 2.0084372e-03 1.8876942e-03) (0.0000000e+00 0.0000000e+00 0.0000000e+00)) ((1.1119029e-02 -9.1375918e-02 -5.5374132e-03) (2.5115992e-04 -1.5390504e-04 1.0853287e-03) (0.0000000e+00 0.0000000e+00 0.0000000e+00))
